0 0.453150 0.841374 0.013844 0.026704
0 0.466279 0.654955 0.012851 0.015916
0 0.487778 0.657637 0.009556 0.015791
0 0.257494 0.882287 0.026104 0.027032
0 0.771267 0.709617 0.011750 0.017262
0 0.147697 0.912395 0.029410 0.023269
0 0.337025 0.984223 0.018896 0.030972
0 0.846372 0.847478 0.018129 0.022742
0 0.161019 0.906366 0.027356 0.024726
0 0.786253 0.728755 0.021447 0.017353
0 0.234841 0.842463 0.018115 0.027943
0 0.359293 0.986507 0.017627 0.026405
0 0.333311 0.853819 0.126993 0.161063
0 0.234791 0.916502 0.052699 0.030027
0 0.110068 0.951517 0.021702 0.031095