0 0.456473 0.808144 0.013500 0.023444
0 0.470556 0.652499 0.010879 0.014932
0 0.488509 0.658220 0.010178 0.015157
0 0.448300 0.990299 0.017247 0.019020
0 0.265591 0.866937 0.025231 0.027471
0 0.344326 0.962612 0.016358 0.030188
0 0.767041 0.703130 0.011372 0.016295
0 0.365710 0.964053 0.016239 0.023729
0 0.159254 0.894970 0.027094 0.020081
0 0.132135 0.907513 0.029562 0.043740
0 0.124783 0.931114 0.017852 0.029128
0 0.242943 0.897898 0.049716 0.023925
0 0.172107 0.890502 0.025151 0.023616
0 0.337294 0.795849 0.017610 0.016017
0 0.241319 0.829563 0.019855 0.025644
0 0.339017 0.840108 0.122486 0.152360
0 0.146310 0.793774 0.019374 0.027828
0 0.838258 0.834463 0.016736 0.021011