0 0.462825 0.730623 0.010243 0.019245
0 0.457204 0.880874 0.014951 0.029903
0 0.490983 0.659991 0.009099 0.014938
0 0.477224 0.647871 0.009328 0.014960
0 0.331495 0.500111 0.011410 0.011449
0 0.286507 0.828487 0.024776 0.023319
0 0.353695 0.801682 0.110371 0.130186
0 0.438571 0.504105 0.026188 0.022199
0 0.380655 0.908630 0.013752 0.020556
0 0.754411 0.683774 0.009932 0.016782
0 0.262863 0.797603 0.018419 0.024567
0 0.361493 0.903193 0.013947 0.019377
0 0.199783 0.846513 0.021318 0.013421
0 0.158819 0.885180 0.016876 0.022479
0 0.169215 0.862774 0.025979 0.040707