0 0.966200 0.416972 0.009427 0.007845
0 0.315591 0.419289 0.029790 0.020111
0 0.924721 0.372417 0.008991 0.007542
0 0.675588 0.441971 0.018013 0.010363
0 0.290223 0.453151 0.009317 0.007066
0 0.182629 0.486608 0.009376 0.010436
0 0.146515 0.460725 0.011028 0.009658
0 0.667625 0.945046 0.009261 0.021310
0 0.919910 0.393484 0.010077 0.010668
0 0.918559 0.421859 0.009133 0.009245
0 0.748341 0.436282 0.009334 0.009308
0 0.421124 0.668287 0.011508 0.014645
0 0.892262 0.390342 0.008049 0.009139
0 0.505166 0.320535 0.015929 0.015074
0 0.586161 0.444612 0.010682 0.007346
0 0.493266 0.855619 0.006700 0.018805
0 0.537855 0.397127 0.008901 0.008691
0 0.841168 0.417529 0.015103 0.014978
0 0.015778 0.445625 0.009178 0.009510
0 0.647226 0.472220 0.020361 0.011123
0 0.233555 0.729062 0.007944 0.014213
0 0.430036 0.582598 0.006234 0.013804
0 0.145649 0.430126 0.007637 0.008912
0 0.421439 0.468016 0.010679 0.009484
0 0.838615 0.414900 0.009168 0.009730