0 0.637609 0.413499 0.032006 0.022654
0 0.271919 0.445856 0.009988 0.008301
0 0.307970 0.450257 0.019563 0.010500
0 0.318453 0.420034 0.008736 0.009863
0 0.472330 0.518527 0.006065 0.013980
0 0.230712 0.562866 0.007691 0.011483
0 0.271879 0.516298 0.008692 0.012047
0 0.661178 0.444230 0.009706 0.009425
0 0.436247 0.560489 0.005554 0.012438
0 0.929317 0.424983 0.007739 0.008388
0 0.512850 0.419523 0.006412 0.013391
0 0.225089 0.479236 0.029783 0.017082
0 0.500896 0.764071 0.006700 0.015859
0 0.211410 0.455374 0.009738 0.008114
0 0.063893 0.463479 0.009106 0.009332
0 0.211428 0.667039 0.006739 0.014139
0 0.566338 0.420320 0.007128 0.008777
0 0.068730 0.347487 0.008729 0.009439
0 0.424345 0.671282 0.012778 0.019551
0 0.514281 0.466689 0.006664 0.013598
0 0.506728 0.347370 0.006995 0.010700
0 0.408579 0.424896 0.007200 0.008323
0 0.965668 0.601725 0.006700 0.015066
0 0.488571 0.366578 0.007436 0.015925
0 0.472617 0.603538 0.006130 0.015894
0 0.541589 0.397207 0.008063 0.008743
0 0.466618 0.906083 0.006983 0.018424
0 0.466049 0.624212 0.006936 0.014053
0 0.689866 0.437397 0.007710 0.008015
0 0.510270 0.330547 0.019554 0.033318
0 0.442049 0.751552 0.006708 0.016220
0 0.013951 0.437602 0.006208 0.007637
0 0.989420 0.449677 0.010861 0.011210