0 0.270900 0.520545 0.010460 0.010753
0 0.421907 0.445743 0.011439 0.012005
0 0.300809 0.473907 0.022678 0.013017
0 0.283490 0.421604 0.008279 0.009115
0 0.237092 0.431192 0.008764 0.007882
0 0.416417 0.652328 0.007190 0.015067
0 0.212293 0.455101 0.008502 0.008230
0 0.331956 0.450323 0.010640 0.007570
0 0.169651 0.428183 0.008037 0.008755
0 0.781897 0.420428 0.009007 0.009983
0 0.793689 0.445792 0.009886 0.009810
0 0.540298 0.396745 0.010446 0.008423
0 0.394660 0.423790 0.007924 0.008129
0 0.493228 0.524925 0.005637 0.012157
0 0.218550 0.589776 0.006200 0.013120
0 0.850518 0.439411 0.008163 0.007458
0 0.389285 0.700616 0.008679 0.014425
0 0.970625 0.383638 0.012293 0.009748
0 0.505668 0.374846 0.004935 0.010759
0 0.507532 0.323546 0.015443 0.019376
0 0.535064 0.412466 0.030568 0.021330