0 0.560094 0.412654 0.031725 0.019981
0 0.319399 0.419526 0.008213 0.010634
0 0.423633 0.629772 0.005949 0.013735
0 0.206759 0.425645 0.008587 0.008680
0 0.301479 0.451069 0.009336 0.007921
0 0.818686 0.420580 0.009073 0.009377
0 0.175745 0.457103 0.008608 0.008700
0 0.507672 0.397360 0.005854 0.010926
0 0.810178 0.438579 0.008112 0.008227
0 0.760445 0.444479 0.008415 0.008098
0 0.283337 0.476387 0.033382 0.019375
0 0.213205 0.608905 0.005589 0.012287
0 0.393895 0.445524 0.023195 0.014624
0 0.506249 0.348133 0.005926 0.012402
0 0.280893 0.429303 0.008636 0.009057
0 0.401667 0.681315 0.006601 0.013675
0 0.472571 0.717284 0.006910 0.017001
0 0.523334 0.423204 0.006214 0.012414
0 0.540476 0.397506 0.010298 0.008466
0 0.282112 0.478797 0.035507 0.022132