0 0.322809 0.449497 0.019226 0.010364
0 0.625004 0.413231 0.031962 0.022966
0 0.290524 0.445541 0.010328 0.008331
0 0.511342 0.407756 0.005835 0.013314
0 0.471744 0.548301 0.006699 0.014369
0 0.082510 0.462276 0.008829 0.009204
0 0.299835 0.421122 0.007918 0.009665
0 0.678082 0.444531 0.008606 0.008663
0 0.387382 0.425142 0.008656 0.008880
0 0.911169 0.424079 0.007906 0.009271
0 0.408314 0.417110 0.007182 0.007777
0 0.435022 0.571172 0.005521 0.011272
0 0.234783 0.477963 0.030409 0.019297
0 0.210150 0.657654 0.006330 0.013209
0 0.710097 0.437515 0.008392 0.007718
0 0.235126 0.555562 0.009706 0.015667
0 0.509526 0.327368 0.019360 0.026322
0 0.465505 0.655994 0.007991 0.014267
0 0.965641 0.601782 0.007071 0.015431
0 0.545004 0.420281 0.008028 0.008823
0 0.226285 0.454879 0.009742 0.007464
0 0.423221 0.623987 0.005538 0.013041
0 0.513397 0.455619 0.005442 0.011198
0 0.441782 0.332977 0.005843 0.011004
0 0.277851 0.511590 0.008655 0.011592
0 0.499385 0.728887 0.006257 0.015582
0 0.472435 0.636496 0.005894 0.016410
0 0.487975 0.351693 0.006926 0.014913
0 0.541082 0.397729 0.008647 0.007861
0 0.525721 0.395083 0.012210 0.014456
0 0.054120 0.352288 0.007905 0.009761