0 0.791359 0.417293 0.033052 0.026001
0 0.900320 0.446812 0.010311 0.010059
0 0.129792 0.456382 0.020619 0.011831
0 0.447343 0.556195 0.006025 0.013984
0 0.765780 0.444702 0.010931 0.009641
0 0.639822 0.413526 0.009939 0.009754
0 0.251103 0.535183 0.009293 0.013483
0 0.249713 0.425418 0.010226 0.014585
0 0.657482 0.420675 0.008232 0.008451
0 0.539891 0.610047 0.007956 0.014902
0 0.827840 0.445573 0.009603 0.007526
0 0.862380 0.421180 0.008222 0.009010
0 0.968500 0.602937 0.006901 0.014666
0 0.083802 0.484477 0.031089 0.016516
0 0.269869 0.521424 0.008361 0.009766
0 0.210423 0.648455 0.006853 0.012988
0 0.221915 0.582687 0.007044 0.011910
0 0.497188 0.588103 0.009023 0.021742
0 0.520163 0.486813 0.006693 0.010532
0 0.822679 0.424397 0.009529 0.009582
0 0.391778 0.218908 0.006865 0.008370
0 0.032286 0.456070 0.010003 0.008489
0 0.426794 0.668064 0.012054 0.015246
0 0.527826 0.563270 0.006846 0.014662
0 0.488408 0.466823 0.005244 0.011460
0 0.467488 0.477203 0.005515 0.011087
0 0.274596 0.747984 0.008491 0.012551
0 0.023918 0.463197 0.011822 0.010132
0 0.543912 0.397067 0.009389 0.008575
0 0.048602 0.432748 0.009289 0.007546
0 0.512169 0.412542 0.004897 0.009834
0 0.892598 0.363751 0.007836 0.009306
0 0.538001 0.414996 0.006904 0.009025
0 0.305069 0.382919 0.007190 0.012070
0 0.442629 0.468405 0.005153 0.011607
0 0.114243 0.428019 0.007673 0.008967