0 0.829880 0.419050 0.032325 0.028451
0 0.693476 0.413891 0.008946 0.009011
0 0.410891 0.445836 0.008866 0.008540
0 0.916249 0.421520 0.009001 0.009220
0 0.710272 0.443911 0.012126 0.010347
0 0.534471 0.599425 0.007675 0.014884
0 0.845590 0.445368 0.009483 0.009761
0 0.553152 0.642411 0.008678 0.014740
0 0.774157 0.444350 0.008375 0.008457
0 0.447549 0.518610 0.006023 0.011342
0 0.365887 0.217080 0.008150 0.007984
0 0.930275 0.374884 0.008802 0.009106
0 0.887208 0.428241 0.008771 0.014022
0 0.445273 0.397521 0.005709 0.011663
0 0.592896 0.415035 0.007081 0.007903
0 0.237681 0.552959 0.007507 0.011929
0 0.215121 0.604463 0.006298 0.011913
0 0.717473 0.420866 0.008606 0.009992
0 0.187706 0.430923 0.007417 0.007782
0 0.213090 0.670773 0.006594 0.013739
0 0.426658 0.670736 0.013113 0.020518
0 0.256119 0.532933 0.008042 0.012091
0 0.172845 0.424524 0.008537 0.008456
0 0.490770 0.580012 0.005812 0.013263
0 0.969084 0.602910 0.006526 0.014852
0 0.042700 0.488067 0.037180 0.018922
0 0.108183 0.428711 0.007697 0.008255
0 0.287569 0.508834 0.007091 0.009574
0 0.084468 0.458103 0.020622 0.013064
0 0.515448 0.448102 0.005441 0.010948
0 0.305473 0.420866 0.008300 0.008121
0 0.388952 0.438657 0.007858 0.009740
0 0.315255 0.425340 0.009133 0.007877
0 0.388952 0.439255 0.007640 0.007293