0 0.868404 0.419895 0.032673 0.027353
0 0.790792 0.444734 0.011248 0.009971
0 0.039671 0.460973 0.020868 0.011559
0 0.777427 0.421608 0.009269 0.009349
0 0.746790 0.414378 0.008530 0.009573
0 0.327010 0.749418 0.009848 0.012413
0 0.361934 0.418278 0.007604 0.008135
0 0.970020 0.423274 0.009316 0.009282
0 0.651936 0.444205 0.011353 0.009971
0 0.720027 0.443930 0.009577 0.009072
0 0.252677 0.429687 0.009756 0.010549
0 0.327971 0.440145 0.007919 0.009133
0 0.230822 0.421689 0.008745 0.009849
0 0.165890 0.424879 0.008884 0.008828
0 0.545616 0.633215 0.008238 0.016512
0 0.647677 0.414553 0.007113 0.007853
0 0.272059 0.519309 0.008434 0.010247
0 0.951161 0.429073 0.010969 0.013513
0 0.360351 0.446687 0.008081 0.009051
0 0.211210 0.626488 0.006792 0.012740
0 0.570123 0.672224 0.008923 0.014939
0 0.378662 0.424834 0.009569 0.010616
0 0.951286 0.426499 0.009657 0.008688
0 0.528025 0.558779 0.005789 0.010969
0 0.218322 0.692118 0.006972 0.014006
0 0.294230 0.504105 0.007137 0.011902
0 0.447418 0.367949 0.005616 0.009218
0 0.446320 0.483985 0.006139 0.012087
0 0.519635 0.484184 0.005886 0.012705
0 0.544674 0.396989 0.009589 0.008812
0 0.493651 0.712526 0.006401 0.015691
0 0.969689 0.603271 0.006992 0.015353
0 0.228345 0.572605 0.007543 0.012591
0 0.427204 0.667808 0.011559 0.015345
0 0.969758 0.384402 0.008342 0.008751
0 0.009797 0.795042 0.012115 0.020602
0 0.011012 0.489837 0.022016 0.018372