0 0.690171 0.419333 0.009105 0.009311
0 0.347653 0.739675 0.010210 0.013406
0 0.074780 0.434894 0.008709 0.008855
0 0.342087 0.471911 0.023771 0.012563
0 0.064530 0.465660 0.010850 0.008906
0 0.912041 0.368371 0.009629 0.009690
0 0.301340 0.452071 0.008556 0.008296
0 0.950697 0.441338 0.007331 0.007995
0 0.875490 0.446764 0.007860 0.009173
0 0.388671 0.705177 0.009119 0.015250
0 0.285304 0.428264 0.009392 0.009244
0 0.539721 0.397212 0.009903 0.008855
0 0.442795 0.542260 0.005544 0.012649
0 0.127660 0.438213 0.010038 0.011422
0 0.963158 0.600290 0.006061 0.014165
0 0.192658 0.427320 0.008553 0.008762
0 0.385704 0.423188 0.008493 0.009595
0 0.506828 0.321283 0.015052 0.012441
0 0.406722 0.449272 0.009885 0.006633
0 0.241131 0.550865 0.007675 0.009865
0 0.488962 0.412552 0.004906 0.009831