0 0.729106 0.414758 0.008914 0.009294
0 0.855909 0.416495 0.032539 0.020786
0 0.809431 0.445052 0.010139 0.010663
0 0.757929 0.419934 0.008583 0.009760
0 0.053933 0.460912 0.021427 0.010003
0 0.671445 0.443869 0.011564 0.010368
0 0.952078 0.422952 0.009347 0.010086
0 0.019303 0.488538 0.030842 0.017836
0 0.216703 0.685401 0.007504 0.014186
0 0.929350 0.425770 0.008120 0.008144
0 0.541154 0.622246 0.007871 0.017475
0 0.629239 0.414814 0.007549 0.008208
0 0.277877 0.515177 0.008043 0.010563
0 0.956190 0.381915 0.011117 0.009754
0 0.563670 0.663608 0.008531 0.014719
0 0.738769 0.444212 0.009485 0.008535
0 0.357299 0.424647 0.008535 0.007773
0 0.348754 0.440276 0.008266 0.007701
0 0.146773 0.426287 0.009227 0.008017
0 0.343587 0.418445 0.007107 0.007249
0 0.377356 0.446868 0.007723 0.008397
0 0.231838 0.565644 0.007023 0.013533
0 0.211830 0.618845 0.006755 0.014007
0 0.211587 0.423516 0.008380 0.009809
0 0.318844 0.750989 0.008960 0.009206
0 0.493044 0.665891 0.005619 0.014279
0 0.518065 0.472930 0.005615 0.010347
0 0.544380 0.396989 0.009765 0.009343
0 0.426910 0.668108 0.011868 0.015890
0 0.230929 0.429570 0.008601 0.007436
0 0.246970 0.543375 0.006621 0.009900