0 0.817078 0.417082 0.032849 0.024862
0 0.675468 0.413832 0.008987 0.009601
0 0.917894 0.371206 0.008440 0.009125
0 0.728200 0.444535 0.010353 0.010553
0 0.548016 0.630162 0.009187 0.018445
0 0.898273 0.421614 0.008819 0.008740
0 0.863941 0.445627 0.009120 0.009759
0 0.241697 0.546456 0.008025 0.013982
0 0.211721 0.663853 0.006754 0.014625
0 0.499304 0.633323 0.008995 0.020587
0 0.697660 0.420294 0.008769 0.009075
0 0.574730 0.414281 0.006902 0.007912
0 0.217233 0.596268 0.007249 0.012200
0 0.531758 0.587687 0.006619 0.014996
0 0.294548 0.503910 0.010258 0.013362
0 0.865269 0.425113 0.009463 0.008200
0 0.792239 0.445130 0.008379 0.008497
0 0.969375 0.603456 0.006773 0.014667
0 0.409692 0.438825 0.008493 0.009350
0 0.153508 0.425585 0.008814 0.008601
0 0.426931 0.444423 0.007338 0.009206
0 0.088588 0.430067 0.008720 0.007650
0 0.290605 0.422785 0.014445 0.015147
0 0.514451 0.435806 0.005501 0.011249
0 0.490106 0.540526 0.006118 0.012527
0 0.290472 0.752207 0.008704 0.012492
0 0.070509 0.484701 0.006777 0.012327
0 0.260520 0.529571 0.007284 0.010546
0 0.058332 0.485349 0.029864 0.012405
0 0.544331 0.397292 0.009155 0.008993
0 0.374654 0.216306 0.007192 0.007918
0 0.446987 0.528982 0.005587 0.017538
0 0.443498 0.446111 0.005356 0.011001
0 0.305362 0.382433 0.008847 0.012261
0 0.286761 0.420471 0.006806 0.009649