0 0.405859 0.417559 0.033850 0.023151
0 0.345569 0.743980 0.011128 0.012925
0 0.065531 0.494047 0.010714 0.009810
0 0.598598 0.418947 0.008122 0.008206
0 0.614427 0.436060 0.010068 0.009991
0 0.286720 0.423839 0.008064 0.009637
0 0.538694 0.397595 0.009405 0.008204
0 0.100201 0.432779 0.008188 0.008011
0 0.388476 0.448928 0.008751 0.009390
0 0.160579 0.458878 0.010534 0.008952
0 0.274472 0.517715 0.007921 0.010796
0 0.174697 0.433837 0.008411 0.008871
0 0.857452 0.349925 0.012717 0.010550
0 0.014266 0.447480 0.010246 0.009875
0 0.570216 0.395657 0.009578 0.007431
0 0.568752 0.444107 0.012104 0.009629
0 0.958790 0.447115 0.007650 0.009204
0 0.965088 0.417981 0.008149 0.007000
0 0.978813 0.425175 0.008647 0.007421
0 0.387638 0.469701 0.009816 0.009005
0 0.010347 0.468346 0.010539 0.010997