0 0.711401 0.413987 0.009541 0.008973
0 0.844218 0.415292 0.029970 0.020108
0 0.393899 0.446077 0.009049 0.009155
0 0.069056 0.459656 0.020628 0.011177
0 0.558199 0.653082 0.008660 0.015028
0 0.690322 0.443943 0.010153 0.010229
0 0.737659 0.420011 0.008743 0.009709
0 0.032823 0.488775 0.033426 0.018284
0 0.827429 0.444929 0.011329 0.010514
0 0.908469 0.425200 0.008286 0.008809
0 0.934799 0.421609 0.009049 0.010440
0 0.943169 0.378005 0.009364 0.008738
0 0.356138 0.217995 0.008259 0.008547
0 0.611056 0.414113 0.007614 0.008081
0 0.368726 0.439256 0.008886 0.009242
0 0.755872 0.444085 0.008888 0.008857
0 0.324639 0.418802 0.006883 0.007717
0 0.214959 0.677705 0.007481 0.015013
0 0.492193 0.621198 0.006779 0.013776
0 0.282601 0.511067 0.007955 0.010769
0 0.538553 0.610957 0.007978 0.014872
0 0.335918 0.425075 0.008568 0.008035
0 0.213625 0.611419 0.006165 0.013139
0 0.969070 0.602757 0.006443 0.014559
0 0.127313 0.427765 0.008566 0.008022
0 0.192266 0.423868 0.008000 0.009167
0 0.544394 0.397528 0.010108 0.009333
0 0.251579 0.538232 0.007167 0.010062
0 0.426563 0.670418 0.012654 0.019941
0 0.447121 0.505854 0.005419 0.014240
0 0.517201 0.459853 0.005803 0.011818
0 0.209491 0.431258 0.007624 0.007173
0 0.012530 0.708141 0.024736 0.033294