0 0.918501 0.447840 0.010978 0.010350
0 0.779323 0.413376 0.031727 0.018910
0 0.096327 0.484560 0.030372 0.018336
0 0.879479 0.358987 0.008042 0.008648
0 0.144313 0.456367 0.019451 0.011102
0 0.621881 0.413754 0.008499 0.009557
0 0.637658 0.419805 0.007860 0.008036
0 0.785131 0.445056 0.010871 0.010194
0 0.039866 0.462775 0.010845 0.010053
0 0.535728 0.599374 0.007187 0.014267
0 0.844001 0.421130 0.009325 0.010272
0 0.228383 0.427066 0.008579 0.013093
0 0.447221 0.570658 0.005687 0.013141
0 0.543788 0.397104 0.009883 0.010202
0 0.968346 0.602922 0.006870 0.015281
0 0.210168 0.640966 0.006957 0.013691
0 0.511073 0.400844 0.005728 0.011083
0 0.225486 0.574701 0.006704 0.011087
0 0.255059 0.530643 0.009395 0.012553
0 0.028957 0.434299 0.008632 0.008261
0 0.052320 0.455364 0.010299 0.008476
0 0.527085 0.551827 0.006017 0.015026
0 0.496191 0.567078 0.008360 0.019556
0 0.274848 0.517240 0.008262 0.010421
0 0.096954 0.431710 0.013890 0.013819
0 0.845548 0.446059 0.007768 0.007143
0 0.265616 0.746834 0.008780 0.011673
0 0.466929 0.504803 0.005711 0.012844
0 0.400175 0.223315 0.006798 0.009163
0 0.304858 0.382120 0.008394 0.012184
0 0.801812 0.423760 0.008913 0.009450
0 0.008099 0.798557 0.011053 0.016336
0 0.094463 0.429597 0.009354 0.008830