0 0.734862 0.441695 0.018731 0.011557
0 0.395654 0.425268 0.008267 0.009747
0 0.262618 0.421882 0.032179 0.020499
0 0.362719 0.449542 0.009247 0.008858
0 0.242681 0.484130 0.009639 0.009588
0 0.879648 0.358211 0.008319 0.008235
0 0.824768 0.439101 0.010021 0.008478
0 0.701280 0.835760 0.009017 0.016888
0 0.576136 0.441633 0.008784 0.008995
0 0.240946 0.742170 0.008493 0.011656
0 0.488938 0.706654 0.006823 0.015702
0 0.630572 0.471569 0.008021 0.007872
0 0.961930 0.598738 0.006689 0.013435
0 0.222818 0.456051 0.009145 0.009734
0 0.647317 0.443694 0.010992 0.007283
0 0.844204 0.387844 0.008173 0.008905
0 0.213319 0.690074 0.006925 0.014796
0 0.839299 0.420361 0.007888 0.008120
0 0.885057 0.415792 0.009995 0.010225
0 0.870043 0.391150 0.010461 0.011293
0 0.421235 0.669181 0.011589 0.013461
0 0.419697 0.634037 0.006028 0.015649
0 0.538147 0.397293 0.008925 0.008649
0 0.766777 0.416598 0.008647 0.014175
0 0.064162 0.434837 0.008739 0.009951
0 0.587065 0.427526 0.007385 0.007705