0 0.561116 0.419614 0.008667 0.009495
0 0.601837 0.442280 0.018981 0.011918
0 0.198103 0.456304 0.009857 0.009380
0 0.062552 0.435541 0.008321 0.009603
0 0.836062 0.339953 0.011036 0.010932
0 0.050407 0.466008 0.011270 0.010512
0 0.326563 0.753834 0.010465 0.012241
0 0.099519 0.491741 0.011925 0.009333
0 0.954397 0.393493 0.008772 0.011034
0 0.246550 0.424870 0.007850 0.009809
0 0.421448 0.669984 0.011988 0.016629
0 0.962441 0.599277 0.006430 0.014097
0 0.652990 0.435913 0.009637 0.008584
0 0.380129 0.416978 0.030773 0.020927
0 0.538025 0.397410 0.009346 0.008600
0 0.506050 0.320944 0.016064 0.012904
0 0.276811 0.755325 0.008674 0.011108
0 0.440686 0.724325 0.006997 0.015859
0 0.129607 0.437221 0.008570 0.010613
0 0.929200 0.416433 0.007368 0.007090
0 0.163616 0.442875 0.010637 0.008526
0 0.388627 0.469801 0.011666 0.008464
0 0.991312 0.447665 0.007644 0.008676