0 0.302850 0.756903 0.039757 0.038073
0 0.878027 0.824072 0.035038 0.048948
0 0.896127 0.422774 0.042009 0.040454
0 0.413230 0.704335 0.017358 0.017055
0 0.848832 0.271804 0.038770 0.036972
0 0.930760 0.499367 0.016596 0.023929
0 0.919468 0.269256 0.043850 0.045021
0 0.902889 0.578840 0.025439 0.068800
0 0.508074 0.568774 0.015064 0.016487
0 0.504150 0.354131 0.036846 0.043078
0 0.739152 0.509858 0.024400 0.028249
0 0.881674 0.889265 0.025916 0.037590
0 0.524216 0.348769 0.076932 0.055375
0 0.691678 0.324000 0.014341 0.019992
0 0.543075 0.344130 0.038874 0.044366
0 0.809314 0.423224 0.041773 0.042966
0 0.893469 0.377511 0.118891 0.100093
0 0.973966 0.235215 0.042913 0.045633
0 0.392989 0.342198 0.040072 0.030223
0 0.956737 0.472594 0.014151 0.013136
0 0.867428 0.303799 0.038484 0.043893
0 0.725327 0.677856 0.013459 0.018371
0 0.941695 0.396708 0.041707 0.043173
0 0.012772 0.536636 0.025219 0.051314
0 0.271958 0.320417 0.070568 0.058142
0 0.767341 0.054953 0.044163 0.109102
0 0.436232 0.407096 0.016151 0.016197
0 0.769398 0.807780 0.038128 0.046547
0 0.979524 0.319064 0.040664 0.051142
0 0.946064 0.871399 0.022838 0.023390
0 0.970699 0.187430 0.047386 0.049848
0 0.469413 0.932269 0.023044 0.070407
0 0.857297 0.835442 0.023048 0.021081