0 0.974095 0.947379 0.033020 0.048321
0 0.709765 0.688562 0.018337 0.016961
0 0.959503 0.387243 0.013926 0.015946
0 0.905957 0.639306 0.015017 0.022184
0 0.169256 0.822261 0.034585 0.040844
0 0.503906 0.365464 0.033923 0.038286
0 0.888088 0.683542 0.028784 0.059598
0 0.828311 0.966060 0.035550 0.042917
0 0.860323 0.387664 0.108693 0.091615
0 0.415757 0.725854 0.015703 0.014613
0 0.863547 0.428518 0.038160 0.038220
0 0.522226 0.357565 0.070910 0.054646
0 0.262257 0.714575 0.011197 0.016174
0 0.041248 0.306238 0.038363 0.049090
0 0.935160 0.255382 0.038709 0.042048
0 0.783918 0.429043 0.037246 0.039712
0 0.421392 0.726077 0.027386 0.015812
0 0.837080 0.318240 0.034099 0.040287
0 0.934719 0.441636 0.014281 0.013786
0 0.292054 0.336213 0.063956 0.052811
0 0.885289 0.287431 0.038678 0.040061
0 0.905483 0.403398 0.037812 0.039701
0 0.052016 0.530104 0.022061 0.031796
0 0.947584 0.980153 0.023012 0.036305
0 0.988877 0.312455 0.022051 0.031717
0 0.746955 0.781253 0.033196 0.041639
0 0.931992 0.213134 0.042438 0.043020
0 0.823617 0.289479 0.042956 0.033658
0 0.092780 0.235530 0.045941 0.065090
0 0.512542 0.898754 0.024281 0.059901
0 0.947408 0.331018 0.051009 0.049452
0 0.962937 0.233005 0.018092 0.024016
0 0.994157 0.378255 0.011429 0.030239