0 0.983994 0.784947 0.031832 0.072050
0 0.748301 0.704601 0.042448 0.049639
0 0.935422 0.365756 0.128930 0.113219
0 0.077349 0.990754 0.030800 0.017798
0 0.503930 0.337256 0.042111 0.045750
0 0.526143 0.327194 0.086534 0.066754
0 0.619937 0.813287 0.019236 0.021078
0 0.922358 0.900965 0.044382 0.060351
0 0.136895 0.985743 0.037278 0.027582
0 0.244288 0.298804 0.079013 0.067750
0 0.548303 0.323218 0.042568 0.058373
0 0.501585 0.767900 0.045143 0.041957
0 0.909062 0.282512 0.042654 0.048557
0 0.941776 0.416201 0.049158 0.047336
0 0.888165 0.245798 0.043619 0.046260
0 0.824113 0.286785 0.044360 0.050779
0 0.210778 0.431766 0.019710 0.017274
0 0.787819 0.784013 0.038211 0.039336
0 0.676460 0.675591 0.016664 0.021110
0 0.967640 0.244279 0.048796 0.051763
0 0.987912 0.387005 0.024006 0.038026
0 0.385239 0.324228 0.054453 0.036678
0 0.993912 0.456897 0.011968 0.036073
0 0.785871 0.539701 0.032671 0.035145
0 0.857455 0.321089 0.059341 0.049512