0 0.280171 0.404870 0.016661 0.011501
0 0.362366 0.851253 0.020631 0.016759
0 0.777613 0.765013 0.026887 0.036940
0 0.514482 0.401445 0.050118 0.036864
0 0.200422 0.764709 0.025280 0.031500
0 0.798335 0.671326 0.008658 0.017954
0 0.412042 0.671254 0.023331 0.012888
0 0.524130 0.398861 0.030443 0.031060
0 0.901887 0.231040 0.022616 0.026935
0 0.926784 0.245953 0.024870 0.031036
0 0.962385 0.245859 0.012935 0.013014
0 0.308280 0.713840 0.010845 0.016936
0 0.856313 0.297487 0.023128 0.026354
0 0.876463 0.341068 0.028840 0.029855
0 0.977919 0.257766 0.011193 0.012898
0 0.937477 0.206457 0.031555 0.029890
0 0.934551 0.179403 0.009135 0.012522
0 0.784379 0.487089 0.013165 0.016766
0 0.263950 0.432329 0.025376 0.030487
0 0.806371 0.656186 0.014197 0.017166
0 0.891124 0.267412 0.029933 0.033285
0 0.185365 0.528923 0.013989 0.031310
0 0.819611 0.706671 0.022217 0.040752
0 0.965657 0.044776 0.012509 0.019191
0 0.406015 0.505722 0.015938 0.010495
0 0.501883 0.405920 0.024617 0.026284
0 0.432650 0.399002 0.029606 0.020713
0 0.769288 0.707905 0.014185 0.023841
0 0.222300 0.327612 0.021500 0.029223
0 0.355490 0.386516 0.043120 0.030680