0 0.867300 0.391792 0.093538 0.068565
0 0.818251 0.459494 0.016087 0.013662
0 0.273725 0.713499 0.027106 0.030750
0 0.511099 0.675165 0.011197 0.014217
0 0.799064 0.649041 0.021947 0.044402
0 0.797659 0.427511 0.027521 0.030677
0 0.692116 0.620423 0.014572 0.021153
0 0.418169 0.671542 0.019230 0.012339
0 0.688710 0.673866 0.031847 0.035285
0 0.747087 0.364563 0.024952 0.031535
0 0.167019 0.314503 0.014615 0.013391
0 0.948721 0.233474 0.027829 0.032393
0 0.861958 0.427834 0.018576 0.012792
0 0.502483 0.400297 0.026553 0.027572
0 0.905376 0.328889 0.029487 0.029385
0 0.346055 0.682761 0.023663 0.012824
0 0.787858 0.597910 0.018928 0.019550
0 0.923439 0.218929 0.024841 0.027658
0 0.429347 0.394697 0.031199 0.023028
0 0.160812 0.353492 0.024123 0.033031
0 0.814673 0.288545 0.024398 0.025814
0 0.911294 0.256245 0.031865 0.034718
0 0.842327 0.368025 0.064527 0.046172
0 0.764332 0.414514 0.078011 0.068400
0 0.609278 0.778310 0.014458 0.022458
0 0.782476 0.341082 0.028034 0.030531