0 0.972453 0.398670 0.013092 0.014428
0 0.078309 0.893469 0.032865 0.042354
0 0.887710 0.426486 0.013199 0.013435
0 0.520264 0.366551 0.066778 0.050732
0 0.910911 0.760681 0.032828 0.053879
0 0.802637 0.303137 0.040321 0.028942
0 0.929720 0.419231 0.036159 0.044989
0 0.055746 0.391336 0.038281 0.047939
0 0.839525 0.433104 0.035801 0.037689
0 0.951808 0.770106 0.018445 0.019822
0 0.756428 0.333985 0.045586 0.039039
0 0.836990 0.392580 0.101608 0.086732
0 0.861472 0.480968 0.012130 0.012653
0 0.835845 0.812158 0.011803 0.018350
0 0.082675 0.544595 0.010679 0.020924
0 0.503366 0.373916 0.032745 0.035462
0 0.053593 0.228550 0.017826 0.017539
0 0.408551 0.363831 0.035309 0.025731
0 0.704901 0.506904 0.020736 0.024015
0 0.735280 0.136842 0.022705 0.050298
0 0.936884 0.333907 0.084822 0.060611
0 0.879082 0.408958 0.035019 0.037147
0 0.701415 0.825464 0.046138 0.047145
0 0.228170 0.382636 0.023137 0.023828
0 0.860317 0.300020 0.035311 0.038905
0 0.959737 0.322911 0.037878 0.038351
0 0.880521 0.633643 0.009412 0.012917
0 0.304781 0.347276 0.058755 0.050345
0 0.814941 0.330200 0.032349 0.039221
0 0.742273 0.655398 0.009997 0.015318
0 0.904344 0.230336 0.039338 0.040316
0 0.926055 0.884344 0.014558 0.017107
0 0.906657 0.268741 0.036395 0.042744
0 0.731962 0.760193 0.035025 0.043434
0 0.988650 0.356647 0.011904 0.014993
0 0.187047 0.415478 0.043424 0.042459
0 0.537379 0.362477 0.032514 0.042318
0 0.917522 0.340526 0.045881 0.047051
0 0.927760 0.884023 0.018722 0.018819