0 0.303749 0.505996 0.061288 0.058639
0 0.969741 0.954302 0.060110 0.083431
0 0.758332 0.806194 0.061814 0.066128
0 0.400178 0.920040 0.020929 0.024012
0 0.970304 0.385392 0.059228 0.064055
0 0.510069 0.273770 0.055313 0.060498
0 0.946340 0.210581 0.061269 0.072095
0 0.911738 0.726421 0.046191 0.056425
0 0.540943 0.259838 0.117423 0.090199
0 0.870236 0.258108 0.017091 0.044656
0 0.795870 0.234206 0.027172 0.030053
0 0.588251 0.351401 0.019725 0.018337
0 0.849639 0.244555 0.023492 0.027461
0 0.975171 0.258185 0.049285 0.065063
0 0.778117 0.224397 0.022637 0.024889
0 0.915894 0.967558 0.068710 0.064336
0 0.390792 0.634469 0.058803 0.061640
0 0.975547 0.458231 0.048613 0.063002
0 0.342208 0.254823 0.060163 0.048402
0 0.112776 0.395773 0.024246 0.019548
0 0.842757 0.213366 0.022588 0.022355
0 0.571234 0.254297 0.057207 0.078917
0 0.680151 0.192405 0.014221 0.025133
0 0.673464 0.202654 0.025931 0.040570
0 0.979275 0.506814 0.023740 0.024047
0 0.804794 0.265140 0.021835 0.025922
0 0.588105 0.330552 0.028991 0.029424