0 0.871064 0.389004 0.095327 0.067416
0 0.291995 0.703611 0.030645 0.032870
0 0.881957 0.417600 0.018242 0.012332
0 0.834326 0.447997 0.017842 0.013250
0 0.797135 0.637509 0.023237 0.046477
0 0.915376 0.253862 0.032085 0.035417
0 0.515300 0.394257 0.052328 0.039693
0 0.286682 0.420543 0.016740 0.011420
0 0.953225 0.231146 0.027232 0.032239
0 0.927998 0.214548 0.022600 0.026514
0 0.787195 0.585473 0.022528 0.022956
0 0.428449 0.395565 0.032209 0.027382
0 0.142705 0.334294 0.028599 0.034966
0 0.428447 0.393328 0.031720 0.022127
0 0.679691 0.606476 0.024144 0.025101
0 0.822949 0.314757 0.028348 0.033329
0 0.766891 0.414232 0.079105 0.067831
0 0.912519 0.325817 0.029505 0.028677
0 0.326994 0.417970 0.017358 0.017855
0 0.945467 0.295677 0.016343 0.010642
0 0.845734 0.366682 0.064799 0.046825