0 0.546273 0.232406 0.129707 0.100234
0 0.771119 0.835527 0.071300 0.072516
0 0.653174 0.544317 0.040785 0.049579
0 0.979366 0.183597 0.041002 0.065590
0 0.859210 0.795108 0.066453 0.073161
0 0.967980 0.103597 0.031730 0.026703
0 0.057604 0.389828 0.067038 0.066131
0 0.531033 0.724084 0.064346 0.063913
0 0.903755 0.164284 0.024325 0.023244
0 0.326947 0.226504 0.066352 0.054035
0 0.972851 0.793697 0.023249 0.030623
0 0.512198 0.247735 0.061039 0.068095
0 0.857642 0.285904 0.025715 0.024316
0 0.098848 0.505000 0.070148 0.071203
0 0.911780 0.319474 0.028425 0.022202
0 0.562509 0.979035 0.024750 0.026452
0 0.854005 0.261452 0.022705 0.027798
0 0.826266 0.205020 0.028291 0.032421
0 0.986728 0.592451 0.022434 0.028074
0 0.882374 0.217622 0.026746 0.026891
0 0.808251 0.194064 0.023478 0.026588
0 0.866284 0.210312 0.034763 0.027499
0 0.209679 0.494108 0.052218 0.044916
0 0.905186 0.523224 0.036553 0.036292
0 0.579314 0.226020 0.063571 0.087774
0 0.598339 0.312788 0.030497 0.027926
0 0.994140 0.898713 0.011770 0.046758