0 0.933231 0.417213 0.021018 0.012647
0 0.889773 0.443584 0.010370 0.012785
0 0.930191 0.385459 0.015810 0.014535
0 0.945016 0.352287 0.014458 0.015580
0 0.853660 0.473881 0.033732 0.044382
0 0.956305 0.858714 0.034007 0.048128
0 0.129870 0.840523 0.024252 0.016861
0 0.518745 0.376308 0.061935 0.047344
0 0.503558 0.382737 0.031433 0.033735
0 0.777901 0.316651 0.030887 0.026592
0 0.148520 0.315299 0.024208 0.015980
0 0.965457 0.976529 0.019012 0.017856
0 0.030711 0.875366 0.026900 0.016634
0 0.792576 0.341436 0.029802 0.036734
0 0.896480 0.408330 0.017401 0.016169
0 0.644575 0.784496 0.015859 0.016570
0 0.346341 0.496783 0.038963 0.035596
0 0.877768 0.284696 0.033015 0.037676
0 0.851868 0.414703 0.032163 0.034024
0 0.416962 0.373751 0.036104 0.024935
0 0.395987 0.915716 0.019769 0.010705
0 0.812918 0.399542 0.093486 0.080242
0 0.414498 0.223964 0.028954 0.023349
0 0.887620 0.350716 0.043240 0.043738
0 0.983404 0.214158 0.032780 0.042932
0 0.702634 0.520357 0.021846 0.033663
0 0.383023 0.447990 0.026508 0.022124
0 0.988631 0.334147 0.022651 0.041982