0 0.951862 0.353412 0.031747 0.028120
0 0.165805 0.798013 0.032000 0.032932
0 0.472358 0.532219 0.015315 0.011162
0 0.648624 0.505221 0.013559 0.018742
0 0.915408 0.253156 0.024065 0.030002
0 0.963421 0.262262 0.011861 0.014167
0 0.463237 0.677530 0.016826 0.010793
0 0.835497 0.403325 0.086061 0.062451
0 0.348376 0.443333 0.016413 0.013072
0 0.826595 0.830226 0.023103 0.036240
0 0.191802 0.961783 0.021242 0.037658
0 0.052377 0.233551 0.015853 0.013812
0 0.139381 0.343525 0.015834 0.015109
0 0.434608 0.405300 0.029528 0.024998
0 0.835261 0.744755 0.019897 0.034302
0 0.880445 0.274139 0.029099 0.032618
0 0.893479 0.238388 0.018207 0.022138
0 0.827029 0.403320 0.068291 0.060152
0 0.108861 0.962368 0.010663 0.017977
0 0.128343 0.272884 0.016287 0.016132
0 0.954487 0.280689 0.011061 0.012649
0 0.022735 0.221320 0.017683 0.013963
0 0.679226 0.663480 0.027311 0.031589
0 0.469615 0.500272 0.009136 0.013396
0 0.917194 0.217670 0.014184 0.020096
0 0.502153 0.409146 0.024996 0.026115
0 0.669656 0.236085 0.015858 0.033696
0 0.863958 0.347585 0.027668 0.028053
0 0.811214 0.764973 0.014518 0.023162
0 0.324847 0.469652 0.027099 0.027276
0 0.515157 0.543555 0.013329 0.009885
0 0.843662 0.962650 0.015502 0.027512
0 0.359697 0.546606 0.009885 0.007671