0 0.903955 0.745550 0.030148 0.054297
0 0.816759 0.786523 0.021807 0.017524
0 0.941420 0.742332 0.018539 0.019999
0 0.503433 0.372449 0.034477 0.036659
0 0.845234 0.431703 0.037925 0.037991
0 0.943788 0.410100 0.036165 0.045227
0 0.031609 0.367283 0.044897 0.051397
0 0.988996 0.388782 0.014189 0.014506
0 0.806061 0.300050 0.039646 0.031731
0 0.304603 0.350172 0.062360 0.060109
0 0.759428 0.331178 0.045775 0.039870
0 0.720709 0.849665 0.034049 0.050689
0 0.874940 0.473423 0.012904 0.014725
0 0.537761 0.361356 0.033031 0.044683
0 0.307219 0.744282 0.025312 0.016734
0 0.966951 0.319760 0.037989 0.037082
0 0.841451 0.392176 0.103205 0.087857
0 0.819005 0.326395 0.032490 0.039088
0 0.095973 0.876173 0.032095 0.043418
0 0.667706 0.309170 0.019006 0.031371
0 0.912681 0.863779 0.021003 0.018818
0 0.768566 0.431395 0.035578 0.037760
0 0.734137 0.764258 0.033046 0.044076
0 0.779558 0.357829 0.047910 0.038292
0 0.167858 0.759918 0.013139 0.017116
0 0.160097 0.397354 0.045059 0.042755
0 0.922945 0.338044 0.047756 0.049034
0 0.036475 0.211519 0.017514 0.017122
0 0.864888 0.297084 0.037200 0.038631
0 0.708831 0.507421 0.022673 0.024510
0 0.909216 0.227873 0.039589 0.039785
0 0.900775 0.419160 0.011951 0.016031
0 0.113281 0.249962 0.041458 0.060905
0 0.911840 0.266858 0.036670 0.041087
0 0.878210 0.622627 0.009450 0.013275
0 0.406882 0.362496 0.034852 0.026392
0 0.258594 0.587917 0.035367 0.036197
0 0.884048 0.407971 0.035279 0.037638
0 0.738144 0.132425 0.023718 0.051733
0 0.202303 0.367971 0.022757 0.024077
0 0.823847 0.327022 0.042254 0.039589