0 0.353558 0.745481 0.040012 0.036285
0 0.962471 0.463813 0.018346 0.021562
0 0.524601 0.339960 0.079203 0.060968
0 0.907921 0.421361 0.044147 0.043337
0 0.923444 0.539567 0.033938 0.069585
0 0.840787 0.785293 0.036604 0.051879
0 0.504450 0.349106 0.038702 0.042448
0 0.467881 0.721417 0.016868 0.018002
0 0.745349 0.509685 0.023071 0.028291
0 0.818444 0.421644 0.042191 0.043643
0 0.905071 0.374216 0.123423 0.103627
0 0.797820 0.788083 0.020055 0.019976
0 0.856349 0.859510 0.026489 0.037648
0 0.265029 0.314250 0.074222 0.062065
0 0.857482 0.265985 0.038128 0.037299
0 0.806895 0.302405 0.053753 0.047427
0 0.955770 0.393266 0.043835 0.044957
0 0.434449 0.531358 0.027178 0.018298
0 0.906055 0.814517 0.025970 0.028135
0 0.674838 0.645304 0.013730 0.018210
0 0.662045 0.838938 0.016602 0.019588
0 0.544937 0.335948 0.038718 0.052688
0 0.436442 0.468951 0.028957 0.018171
0 0.931819 0.262485 0.044994 0.046593
0 0.777557 0.816885 0.040556 0.045361
0 0.830748 0.332715 0.055850 0.046417