0 0.279106 0.765001 0.039568 0.040100
0 0.524272 0.348040 0.075477 0.059423
0 0.386752 0.700831 0.015973 0.017875
0 0.842378 0.275193 0.035433 0.036601
0 0.938713 0.483358 0.014505 0.012498
0 0.522572 0.508171 0.023123 0.017037
0 0.896200 0.599571 0.022464 0.066024
0 0.895461 0.844078 0.039771 0.050754
0 0.890189 0.423850 0.040944 0.040184
0 0.275758 0.324934 0.069840 0.060932
0 0.965932 0.900785 0.022300 0.021065
0 0.504501 0.356334 0.035720 0.041555
0 0.862080 0.306423 0.037225 0.043621
0 0.913824 0.272292 0.042990 0.045375
0 0.544512 0.587677 0.014573 0.015965
0 0.887603 0.379663 0.117644 0.097343
0 0.567467 0.771124 0.016764 0.017375
0 0.935471 0.398104 0.040930 0.042920
0 0.967515 0.237812 0.042581 0.047065
0 0.176752 0.958355 0.061556 0.082043
0 0.893831 0.905424 0.025164 0.037415
0 0.511492 0.928731 0.022432 0.064374
0 0.765240 0.800780 0.039182 0.048811
0 0.963517 0.192415 0.046649 0.049035
0 0.395479 0.344590 0.039528 0.029526