0 0.530767 0.299933 0.100720 0.078324
0 0.331229 0.525575 0.018876 0.019352
0 0.967258 0.371119 0.065069 0.085728
0 0.903840 0.407007 0.055887 0.054961
0 0.359025 0.294765 0.051155 0.039854
0 0.753211 0.325127 0.017237 0.025224
0 0.977220 0.249907 0.045249 0.057839
0 0.572331 0.381069 0.018717 0.015537
0 0.526154 0.598169 0.044149 0.048304
0 0.953341 0.949782 0.051752 0.071166
0 0.678747 0.745082 0.052081 0.054053
0 0.504163 0.312117 0.047312 0.052794
0 0.646215 0.247232 0.020208 0.029940
0 0.750111 0.275412 0.022719 0.025969
0 0.213301 0.428051 0.034684 0.023900
0 0.953892 0.205098 0.048977 0.055891
0 0.911679 0.293145 0.053645 0.058972
0 0.880540 0.253626 0.051411 0.060041
0 0.735960 0.266924 0.020003 0.022090
0 0.605721 0.664541 0.038702 0.040104
0 0.650243 0.245469 0.011911 0.026801
0 0.792987 0.346113 0.018727 0.030127
0 0.468054 0.538959 0.019132 0.014787
0 0.793172 0.257462 0.021266 0.019637
0 0.571540 0.358383 0.025564 0.026971
0 0.432283 0.335778 0.015978 0.011810
0 0.813270 0.520659 0.036315 0.038865
0 0.240662 0.937298 0.035389 0.022317
0 0.195707 0.256613 0.095101 0.069792
0 0.556793 0.294884 0.048633 0.068428
0 0.509576 0.312041 0.058439 0.053974