0 0.807043 0.751766 0.042615 0.049910
0 0.524849 0.335226 0.081677 0.064714
0 0.410198 0.744878 0.042457 0.033822
0 0.625579 0.615421 0.025949 0.017499
0 0.503707 0.344510 0.038938 0.045176
0 0.917347 0.370948 0.128520 0.106881
0 0.920298 0.419306 0.045081 0.043832
0 0.526025 0.749541 0.018353 0.018705
0 0.256163 0.304851 0.074289 0.057284
0 0.971672 0.388953 0.045024 0.045516
0 0.889820 0.291889 0.040687 0.045590
0 0.832747 0.827581 0.036579 0.039909
0 0.868103 0.257323 0.038413 0.042179
0 0.752399 0.743343 0.015751 0.020706
0 0.956833 0.496292 0.050059 0.064867
0 0.147455 0.973503 0.060043 0.052067
0 0.371963 0.443103 0.021183 0.015654
0 0.981199 0.968159 0.037358 0.060945
0 0.465297 0.960626 0.021750 0.071896
0 0.545916 0.330749 0.039971 0.055050
0 0.841233 0.328686 0.058505 0.047455
0 0.945292 0.255737 0.047329 0.048643
0 0.860013 0.759110 0.028344 0.029903
0 0.695098 0.978695 0.018787 0.027115
0 0.514057 0.962731 0.029287 0.067862
0 0.991903 0.830314 0.016214 0.042886
0 0.816974 0.296696 0.057495 0.048925
0 0.990137 0.223499 0.019629 0.040333