0 0.439809 0.748288 0.044168 0.034842
0 0.785192 0.734797 0.037119 0.049759
0 0.727934 0.721380 0.016677 0.019974
0 0.139999 0.976216 0.059383 0.046912
0 0.973584 0.478878 0.051340 0.064262
0 0.590247 0.600050 0.014258 0.017125
0 0.503218 0.342460 0.040017 0.043987
0 0.927034 0.418391 0.046439 0.044782
0 0.251982 0.303645 0.076120 0.062881
0 0.525086 0.332513 0.083455 0.064724
0 0.924371 0.368308 0.131326 0.109623
0 0.817975 0.812294 0.037287 0.041058
0 0.895923 0.288516 0.041212 0.047093
0 0.963718 0.945036 0.043643 0.061280
0 0.874311 0.253669 0.039346 0.041896
0 0.988863 0.816653 0.022200 0.055386
0 0.560080 0.379443 0.022558 0.023966
0 0.835021 0.738318 0.015906 0.019848
0 0.546480 0.328207 0.040926 0.055638
0 0.306721 0.471659 0.026348 0.019600
0 0.340472 0.429771 0.024179 0.017099
0 0.814776 0.292905 0.042242 0.048309
0 0.952277 0.250989 0.047775 0.048734
0 0.978646 0.387106 0.042305 0.046487
0 0.821206 0.293203 0.055527 0.048870
0 0.555753 0.767355 0.018422 0.018829
0 0.847375 0.326307 0.059123 0.047113
0 0.383994 0.329316 0.042446 0.032313
0 0.790159 0.833311 0.036456 0.047216
0 0.767369 0.938489 0.019322 0.022180
0 0.993959 0.222679 0.011867 0.033283
0 0.991115 0.176974 0.017469 0.027902