0 0.853866 0.430377 0.038475 0.036510
0 0.130576 0.849414 0.034452 0.042595
0 0.894792 0.714404 0.030702 0.057525
0 0.974478 0.390833 0.037933 0.045541
0 0.928693 0.403714 0.014566 0.015415
0 0.810365 0.295828 0.032818 0.031052
0 0.692489 0.611537 0.022872 0.017637
0 0.850469 0.389563 0.105305 0.090434
0 0.923331 0.259801 0.037882 0.044393
0 0.521286 0.361910 0.068645 0.053846
0 0.875501 0.826105 0.012522 0.018246
0 0.907799 0.457966 0.022364 0.014527
0 0.362730 0.730490 0.025741 0.017195
0 0.924576 0.689402 0.019318 0.020866
0 0.841846 0.335979 0.013137 0.015128
0 0.503811 0.369787 0.033436 0.036731
0 0.878343 0.595514 0.009223 0.014761
0 0.762631 0.734976 0.012534 0.015650
0 0.875102 0.291646 0.038005 0.040951
0 0.672889 0.305814 0.021897 0.028630
0 0.216110 0.734075 0.011520 0.015823
0 0.404835 0.359314 0.035488 0.028633
0 0.774387 0.907401 0.036403 0.050050
0 0.099523 0.355454 0.037211 0.045295
0 0.981074 0.314242 0.037597 0.037446
0 0.775971 0.430141 0.036730 0.038313
0 0.894543 0.405946 0.036546 0.038558
0 0.253690 0.590277 0.034414 0.036546
0 0.077045 0.511839 0.013225 0.015485
0 0.827902 0.323283 0.033430 0.039250
0 0.934840 0.334302 0.049348 0.050300
0 0.534050 0.357858 0.042565 0.045696
0 0.740556 0.771730 0.033554 0.043494
0 0.132985 0.842582 0.039522 0.056454
0 0.990619 0.981651 0.018513 0.035940