0 0.853262 0.488124 0.020686 0.014692
0 0.957281 0.406850 0.013449 0.014082
0 0.505183 0.375509 0.037066 0.036247
0 0.835787 0.434067 0.036269 0.036906
0 0.961403 0.799001 0.018429 0.021084
0 0.061752 0.909677 0.032635 0.042930
0 0.763715 0.668600 0.020605 0.020029
0 0.916136 0.776704 0.030539 0.052248
0 0.858466 0.839417 0.011323 0.017659
0 0.794448 0.305767 0.030529 0.028225
0 0.752936 0.335631 0.044578 0.038510
0 0.874384 0.409399 0.034641 0.037372
0 0.883144 0.643185 0.008456 0.010912
0 0.876618 0.431846 0.012404 0.013931
0 0.832266 0.394458 0.099645 0.085172
0 0.930906 0.335688 0.082984 0.059823
0 0.976413 0.365207 0.021363 0.018116
0 0.898139 0.234480 0.037981 0.037933
0 0.811433 0.331570 0.032085 0.038175
0 0.772531 0.360992 0.045638 0.036432
0 0.391722 0.896795 0.013705 0.013461
0 0.912637 0.341667 0.046096 0.047318
0 0.901522 0.272585 0.035765 0.040512
0 0.915930 0.428592 0.035150 0.044429
0 0.953637 0.324547 0.036946 0.037042
0 0.083238 0.413409 0.037590 0.043956
0 0.855690 0.302593 0.035468 0.038170
0 0.308593 0.351723 0.057298 0.051318
0 0.728340 0.754874 0.031125 0.038924
0 0.945611 0.904625 0.018755 0.015347