0 0.786336 0.960415 0.055664 0.078560
0 0.553340 0.472122 0.021956 0.039315
0 0.427286 0.649690 0.026798 0.071219
0 0.630286 0.597951 0.031977 0.052747
0 0.520969 0.274921 0.012820 0.021953
0 0.612098 0.659127 0.034008 0.060035
0 0.554378 0.192298 0.010648 0.016649
0 0.472850 0.291890 0.014312 0.029844
0 0.492516 0.492797 0.021096 0.045583
0 0.421118 0.273848 0.013741 0.027192
0 0.568686 0.370236 0.050787 0.136478
0 0.478288 0.229758 0.011944 0.021701
0 0.474375 0.963762 0.041207 0.071521
0 0.485753 0.197689 0.013248 0.024041
0 0.499674 0.175709 0.011088 0.016388
0 0.526746 0.203417 0.019233 0.073822
0 0.587451 0.119381 0.011212 0.015985
0 0.541605 0.160257 0.010482 0.017899
0 0.552712 0.139783 0.010156 0.017365
0 0.511047 0.147264 0.010522 0.018007
0 0.590598 0.095313 0.010739 0.013359
0 0.449392 0.181253 0.014478 0.024249
0 0.580316 0.823078 0.119260 0.352632
0 0.773501 0.710778 0.031704 0.049615
0 0.493313 0.145451 0.011214 0.019075
0 0.415786 0.440721 0.023665 0.053045
0 0.534946 0.853871 0.103460 0.290826
0 0.555563 0.067804 0.034228 0.039107
0 0.480551 0.390172 0.021091 0.047979
0 0.416717 0.400588 0.026962 0.073332
0 0.448800 0.254562 0.029243 0.105211
0 0.473313 0.174440 0.031246 0.072607
0 0.524595 0.128887 0.012549 0.019316
0 0.458110 0.522449 0.023991 0.051041
0 0.466205 0.202939 0.009887 0.017918
0 0.611297 0.955769 0.056652 0.087647
0 0.536377 0.115690 0.008396 0.013149
0 0.568392 0.117783 0.013084 0.023014
0 0.610087 0.054230 0.022401 0.025610
0 0.603097 0.059853 0.008466 0.012981
0 0.562277 0.091158 0.010421 0.015132
0 0.476125 0.136940 0.013282 0.018282
0 0.443760 0.287806 0.018853 0.038791
0 0.779635 0.692800 0.045114 0.083253