0 0.475551 0.959643 0.014206 0.024881
0 0.549509 0.947604 0.012897 0.021627
0 0.523451 0.913307 0.010476 0.021117
0 0.538277 0.842063 0.010290 0.017526
0 0.548913 0.886062 0.009818 0.018500
0 0.479800 0.900547 0.011912 0.024791
0 0.528048 0.880464 0.010656 0.018664
0 0.456209 0.900047 0.012442 0.022524
0 0.520541 0.813296 0.010893 0.016110
0 0.492826 0.861616 0.013566 0.024867
0 0.445526 0.954207 0.029907 0.090382
0 0.504264 0.839350 0.009908 0.015413
0 0.583509 0.780462 0.009970 0.013171
0 0.509798 0.802332 0.010294 0.015985
0 0.549066 0.754923 0.011594 0.012930
0 0.511245 0.786023 0.010614 0.012884
0 0.569175 0.817715 0.023923 0.050751
0 0.598636 0.767645 0.007527 0.013874
0 0.580688 0.956105 0.034900 0.086890
0 0.558589 0.800886 0.023784 0.048348
0 0.555706 0.984679 0.037108 0.030287
0 0.530917 0.781133 0.007313 0.013553
0 0.539136 0.784092 0.015714 0.033107
0 0.480619 0.804022 0.035222 0.057268
0 0.471489 0.813140 0.016690 0.038232
0 0.578421 0.748296 0.009588 0.015418
0 0.475002 0.844938 0.015786 0.031707
0 0.592899 0.739558 0.038122 0.035727
0 0.491803 0.830733 0.016027 0.030510
0 0.588810 0.750382 0.013216 0.019306