0 0.524224 0.934189 0.010881 0.020578
0 0.550375 0.906318 0.010260 0.017220
0 0.549075 0.964916 0.012143 0.022131
0 0.478352 0.935227 0.012512 0.026072
0 0.454257 0.934001 0.012954 0.024097
0 0.539995 0.866588 0.009752 0.017097
0 0.529484 0.903221 0.010583 0.018554
0 0.586167 0.806356 0.009720 0.013116
0 0.502770 0.869637 0.009988 0.016711
0 0.518825 0.842844 0.011518 0.017040
0 0.490849 0.893422 0.013649 0.025361
0 0.474768 0.991534 0.014448 0.016597
0 0.529628 0.809145 0.008357 0.016251
0 0.508010 0.832741 0.011123 0.016185
0 0.507479 0.817228 0.011101 0.012222
0 0.572262 0.840466 0.024611 0.049514
0 0.545044 0.785456 0.011793 0.012781
0 0.546943 0.805651 0.033234 0.046877
0 0.599705 0.794498 0.005448 0.012679
0 0.578026 0.963073 0.031451 0.073231
0 0.590798 0.768074 0.036142 0.036228
0 0.561404 0.825626 0.024179 0.049230
0 0.445490 0.972341 0.028240 0.054567
0 0.552919 0.992371 0.024866 0.014988
0 0.476591 0.836000 0.035468 0.060971
0 0.469187 0.845335 0.020747 0.042201
0 0.537957 0.812744 0.015055 0.033243