0 0.476422 0.922718 0.012906 0.025024
0 0.550255 0.930444 0.013385 0.023853
0 0.522788 0.893058 0.010720 0.021498
0 0.526822 0.858835 0.010507 0.018479
0 0.536870 0.818818 0.010191 0.016732
0 0.548007 0.867265 0.010694 0.018742
0 0.481452 0.867185 0.012175 0.024908
0 0.581224 0.755856 0.009204 0.013177
0 0.470984 0.981704 0.016958 0.036335
0 0.458264 0.867467 0.012384 0.022523
0 0.494335 0.831260 0.013391 0.023418
0 0.505625 0.809617 0.010866 0.015377
0 0.522549 0.784115 0.010662 0.015531
0 0.566635 0.795794 0.023422 0.052050
0 0.596568 0.743136 0.009910 0.014615
0 0.514956 0.756241 0.010691 0.013039
0 0.532819 0.751465 0.006911 0.013283
0 0.558260 0.776806 0.025768 0.048729
0 0.511619 0.773459 0.010612 0.016656
0 0.446126 0.935701 0.031517 0.126788
0 0.540197 0.756377 0.015215 0.032625
0 0.484101 0.773396 0.035492 0.056829
0 0.562926 0.977822 0.038764 0.043708
0 0.552214 0.726653 0.010693 0.011617
0 0.538341 0.766180 0.010788 0.012445
0 0.475965 0.782729 0.018862 0.038243
0 0.578833 0.721477 0.008497 0.016180
0 0.589404 0.722522 0.012840 0.020424
0 0.442790 0.963329 0.024069 0.071310