0 0.608886 0.518961 0.032423 0.057600
0 0.717811 0.681060 0.045636 0.077450
0 0.439881 0.605131 0.032243 0.085548
0 0.520870 0.174175 0.013801 0.026827
0 0.734184 0.859089 0.053968 0.098629
0 0.417091 0.375629 0.021690 0.057290
0 0.485435 0.895578 0.044511 0.122892
0 0.575661 0.031861 0.010346 0.017333
0 0.548728 0.095383 0.010663 0.018613
0 0.604641 0.349051 0.080122 0.191702
0 0.482648 0.290624 0.018223 0.040616
0 0.428910 0.089411 0.012181 0.023095
0 0.480687 0.071195 0.011330 0.020458
0 0.533970 0.037446 0.011248 0.018575
0 0.473693 0.123229 0.014249 0.027583
0 0.545059 0.011224 0.011079 0.017309
0 0.502708 0.021062 0.012013 0.017565
0 0.524853 0.091129 0.020268 0.085303
0 0.489069 0.041985 0.013412 0.025131
0 0.462621 0.009972 0.009088 0.017364
0 0.449914 0.304730 0.020222 0.043719
0 0.541959 0.570458 0.092902 0.350221
0 0.451214 0.088698 0.030979 0.099269
0 0.476975 0.028087 0.030848 0.055961
0 0.500035 0.578305 0.077747 0.288510
0 0.475305 0.212443 0.017051 0.026636
0 0.562423 0.667982 0.051813 0.155870
0 0.670837 0.350145 0.008166 0.019274
0 0.414577 0.221937 0.020857 0.045627
0 0.474895 0.195165 0.017934 0.024225
0 0.659765 0.339646 0.007469 0.019239
0 0.521374 0.739704 0.054999 0.164553
0 0.771698 0.572978 0.032535 0.050462
0 0.729370 0.477001 0.007933 0.023941
0 0.416894 0.181186 0.021858 0.041588
0 0.524520 0.778871 0.047846 0.086338
0 0.468766 0.046938 0.009860 0.018405
0 0.448615 0.280919 0.026008 0.092859
0 0.514597 0.002847 0.010181 0.005768