0 0.413528 0.930213 0.021686 0.054672
0 0.523719 0.725123 0.013066 0.027365
0 0.482551 0.843645 0.021423 0.047680
0 0.575566 0.817239 0.020715 0.033956
0 0.551023 0.709934 0.015394 0.026003
0 0.445143 0.787453 0.027917 0.166151
0 0.470635 0.714289 0.013786 0.030479
0 0.520457 0.672069 0.012140 0.023098
0 0.485080 0.626523 0.011725 0.019394
0 0.527473 0.607265 0.009845 0.017659
0 0.411505 0.737542 0.018841 0.042530
0 0.472396 0.664391 0.014224 0.030520
0 0.473376 0.586050 0.011664 0.018979
0 0.494284 0.587945 0.011480 0.021022
0 0.550133 0.607489 0.019599 0.071730
0 0.424917 0.657996 0.015154 0.030762
0 0.563679 0.531939 0.009446 0.014578
0 0.454378 0.638230 0.031545 0.098655
0 0.505893 0.566686 0.012896 0.020425
0 0.542782 0.561262 0.025314 0.056346
0 0.588328 0.527381 0.008712 0.011056
0 0.532855 0.529888 0.009626 0.012610
0 0.527616 0.515553 0.009497 0.014781
0 0.588509 0.994184 0.022843 0.011362
0 0.653417 0.919907 0.128908 0.159355
0 0.512020 0.506730 0.034097 0.046112
0 0.550455 0.506337 0.014861 0.029694
0 0.541696 0.496073 0.009583 0.010448
0 0.558833 0.501364 0.032542 0.039619
0 0.577552 0.518491 0.010287 0.013562
0 0.580901 0.472587 0.009478 0.013334
0 0.593867 0.502175 0.012251 0.018978