0 0.415942 0.176135 0.023131 0.061141
0 0.533974 0.939068 0.052428 0.120750
0 0.429581 0.327207 0.024913 0.074610
0 0.640560 0.752571 0.048263 0.117441
0 0.537663 0.071131 0.021432 0.036819
0 0.837467 0.939100 0.063689 0.120279
0 0.410973 0.026885 0.017839 0.042810
0 0.470641 0.225831 0.055419 0.277274
0 0.508002 0.206288 0.063108 0.264249
0 0.473297 0.012291 0.015413 0.024305
0 0.444275 0.017256 0.021792 0.034307
0 0.623670 0.841676 0.134153 0.315471
0 0.772965 0.369137 0.030740 0.050864
0 0.673316 0.142785 0.007627 0.018858
0 0.731505 0.271125 0.007910 0.024643
0 0.673548 0.348456 0.056512 0.111588
0 0.662241 0.131229 0.006663 0.018399
0 0.655536 0.113267 0.007881 0.021110