0 0.636419 0.920704 0.114764 0.157069
0 0.522568 0.746974 0.012970 0.027217
0 0.569925 0.828932 0.020018 0.032053
0 0.549087 0.731616 0.013057 0.024390
0 0.446213 0.837610 0.032849 0.176359
0 0.485444 0.897847 0.021980 0.050520
0 0.470312 0.758251 0.013703 0.030099
0 0.520774 0.696988 0.011851 0.022870
0 0.414524 0.985425 0.022491 0.028569
0 0.409390 0.791459 0.019431 0.045691
0 0.483764 0.665688 0.011910 0.020724
0 0.471916 0.705939 0.014659 0.030598
0 0.421529 0.703347 0.015541 0.035972
0 0.528688 0.636828 0.009926 0.018276
0 0.492614 0.625012 0.010778 0.020506
0 0.551043 0.633063 0.019466 0.067791
0 0.471628 0.623239 0.011512 0.021220
0 0.508859 0.542944 0.032886 0.045860
0 0.453474 0.678342 0.033133 0.102019
0 0.565569 0.563471 0.009977 0.014847
0 0.579621 0.550317 0.010404 0.013838
0 0.544558 0.590952 0.025465 0.055426
0 0.577068 0.994206 0.021949 0.011310
0 0.591217 0.557189 0.008589 0.011913
0 0.504353 0.602676 0.012105 0.021366
0 0.531639 0.564893 0.009472 0.013326
0 0.538832 0.532377 0.009772 0.010774
0 0.517039 0.582071 0.009831 0.015516
0 0.598977 0.504721 0.029462 0.032829
0 0.525710 0.551993 0.010867 0.014708
0 0.549574 0.541029 0.014300 0.029547
0 0.594689 0.533704 0.008848 0.018928