0 0.611486 0.796337 0.027836 0.048348
0 0.410628 0.681194 0.017285 0.039373
0 0.532860 0.650073 0.016774 0.032088
0 0.560209 0.638052 0.017435 0.029866
0 0.522838 0.578062 0.013331 0.027504
0 0.476227 0.642521 0.017810 0.039620
0 0.472353 0.547201 0.012881 0.024640
0 0.524826 0.490145 0.011170 0.019570
0 0.420945 0.539205 0.016066 0.032937
0 0.547621 0.511649 0.024099 0.085329
0 0.476827 0.503452 0.013594 0.027835
0 0.490216 0.472994 0.011651 0.018525
0 0.502329 0.799760 0.029982 0.068250
0 0.439639 0.477012 0.013807 0.024905
0 0.568808 0.391879 0.010125 0.013472
0 0.555734 0.406681 0.010444 0.014456
0 0.500451 0.440658 0.010990 0.018497
0 0.460656 0.480144 0.031544 0.087938
0 0.532697 0.968491 0.031536 0.062270
0 0.526528 0.359287 0.033145 0.039952
0 0.444304 0.597669 0.027435 0.139732
0 0.575877 0.408477 0.009048 0.012182
0 0.536929 0.439511 0.024023 0.059841
0 0.482076 0.435840 0.011427 0.019528
0 0.536582 0.389389 0.010545 0.013635
0 0.512174 0.421025 0.011574 0.019351
0 0.680344 0.960266 0.058121 0.078341
0 0.428136 0.899523 0.034714 0.096333
0 0.537821 0.370651 0.010419 0.015965
0 0.585226 0.373520 0.011765 0.021164
0 0.555738 0.365543 0.014376 0.030294
0 0.525890 0.399838 0.009240 0.016082
0 0.741035 0.951483 0.113904 0.095790
0 0.711281 0.915975 0.054558 0.069089
0 0.443290 0.629383 0.024055 0.076054
0 0.437387 0.967896 0.038397 0.063258
0 0.487103 0.950283 0.049672 0.098656
0 0.604755 0.332836 0.029608 0.030065
0 0.515863 0.372749 0.013032 0.018554
0 0.453142 0.509039 0.015589 0.030014
0 0.593177 0.338467 0.007049 0.014889
0 0.563810 0.362428 0.030278 0.036988
0 0.651662 0.720730 0.015601 0.029670
0 0.501815 0.400336 0.017058 0.028539
0 0.671283 0.759114 0.006581 0.019413