0 0.532212 0.949448 0.010456 0.017464
0 0.543488 0.915903 0.010300 0.015911
0 0.553947 0.945449 0.010156 0.019538
0 0.488014 0.958957 0.013892 0.027307
0 0.525979 0.977280 0.010402 0.019143
0 0.515333 0.903831 0.010853 0.016108
0 0.591110 0.858372 0.009612 0.011338
0 0.500030 0.932370 0.010679 0.016381
0 0.524928 0.868280 0.008925 0.015078
0 0.504756 0.892996 0.011304 0.016368
0 0.451825 0.995725 0.010981 0.008643
0 0.577810 0.886839 0.024416 0.048402
0 0.565564 0.875570 0.023604 0.046550
0 0.500304 0.879124 0.010787 0.013304
0 0.469404 0.901110 0.035597 0.062509
0 0.476744 0.996218 0.008992 0.007502
0 0.544761 0.862148 0.034490 0.045779
0 0.591372 0.824383 0.042638 0.038791
0 0.534654 0.871440 0.014999 0.032404
0 0.460269 0.910854 0.017522 0.043097
0 0.469306 0.939763 0.017748 0.034775
0 0.537716 0.845578 0.012448 0.014307
0 0.568961 0.825800 0.006474 0.013177
0 0.486077 0.924325 0.016843 0.029657
0 0.532863 0.881132 0.010688 0.012647