0 0.723435 0.888568 0.046924 0.082595
0 0.578467 0.622277 0.027545 0.048352
0 0.558484 0.395576 0.041762 0.118154
0 0.436485 0.808974 0.030526 0.083377
0 0.539747 0.482455 0.019569 0.034285
0 0.602919 0.588970 0.027138 0.044558
0 0.521778 0.326235 0.012454 0.021977
0 0.417392 0.368248 0.014133 0.028557
0 0.569858 0.894417 0.139904 0.209766
0 0.499985 0.600664 0.023115 0.049358
0 0.473149 0.376285 0.014573 0.031202
0 0.559054 0.243589 0.010204 0.016338
0 0.476797 0.307519 0.011509 0.021729
0 0.497378 0.249923 0.010661 0.015910
0 0.484118 0.273285 0.013388 0.024450
0 0.545559 0.220994 0.010100 0.017610
0 0.556894 0.203103 0.010332 0.015986
0 0.508500 0.221294 0.010694 0.018527
0 0.529647 0.260339 0.021358 0.069749
0 0.442067 0.267070 0.015210 0.026813
0 0.491008 0.217768 0.010717 0.019613
0 0.548972 0.141310 0.034353 0.039686
0 0.482936 0.473222 0.018451 0.027728
0 0.593623 0.180924 0.009043 0.016182
0 0.418307 0.498536 0.028166 0.055052
0 0.418673 0.557428 0.028098 0.063405
0 0.596249 0.160315 0.011180 0.015118
0 0.485636 0.493224 0.020191 0.036698
0 0.521833 0.202536 0.011930 0.018053
0 0.562829 0.155990 0.014901 0.029542
0 0.774931 0.789776 0.031348 0.029244
0 0.572549 0.182175 0.012568 0.022347
0 0.542046 0.180133 0.009314 0.014865
0 0.465489 0.638638 0.026252 0.058273
0 0.465209 0.279670 0.009349 0.017596
0 0.448033 0.336039 0.029812 0.113107
0 0.670553 0.556940 0.007159 0.017939
0 0.608551 0.124614 0.023608 0.025897
0 0.465209 0.222143 0.010332 0.018637
0 0.600547 0.130549 0.007968 0.013565
0 0.534979 0.187581 0.009324 0.013391
0 0.660048 0.546201 0.007452 0.018506
0 0.443534 0.376814 0.017912 0.031165
0 0.551723 0.156839 0.009716 0.014329
0 0.461057 0.608256 0.037171 0.121263