0 0.522386 0.872915 0.011036 0.021816
0 0.470658 0.943908 0.016489 0.038808
0 0.477366 0.886443 0.013065 0.023370
0 0.547408 0.848421 0.010940 0.019820
0 0.482933 0.833710 0.012557 0.023976
0 0.551947 0.915025 0.015456 0.024720
0 0.525510 0.836255 0.011485 0.019462
0 0.408735 0.984557 0.018740 0.030391
0 0.459873 0.833681 0.012571 0.022475
0 0.535549 0.794630 0.010445 0.017206
0 0.578875 0.731107 0.009532 0.013390
0 0.495569 0.800489 0.012964 0.022960
0 0.594391 0.718595 0.009673 0.012317
0 0.507369 0.777823 0.010682 0.016965
0 0.564082 0.772910 0.023128 0.055234
0 0.523865 0.754268 0.010197 0.014750
0 0.513434 0.745229 0.011453 0.014069
0 0.518174 0.726106 0.010733 0.013824
0 0.446814 0.900483 0.032705 0.126824
0 0.487621 0.742040 0.034691 0.053565
0 0.567429 0.971982 0.049862 0.055338
0 0.561706 0.724060 0.005350 0.009397
0 0.555995 0.751254 0.026296 0.055033
0 0.535497 0.721903 0.007729 0.013805
0 0.542028 0.726593 0.015328 0.033103
0 0.442151 0.944073 0.020255 0.038292
0 0.593374 0.685642 0.035031 0.035897
0 0.613742 0.677002 0.011730 0.016352
0 0.556693 0.695641 0.012030 0.011165
0 0.540190 0.735872 0.011033 0.014436
0 0.560210 0.694945 0.005682 0.008726