0 0.488638 0.954448 0.023755 0.052895
0 0.521754 0.770127 0.012976 0.025469
0 0.565082 0.842261 0.018240 0.030230
0 0.547960 0.752741 0.012618 0.023628
0 0.470396 0.801941 0.013944 0.031459
0 0.621527 0.923120 0.103425 0.152287
0 0.408048 0.846750 0.020486 0.048982
0 0.447417 0.888493 0.032627 0.187720
0 0.471430 0.747432 0.014614 0.031660
0 0.482736 0.704876 0.011874 0.021411
0 0.521339 0.722248 0.011540 0.021074
0 0.529611 0.666473 0.010318 0.018057
0 0.418498 0.751395 0.016436 0.039101
0 0.490768 0.662149 0.011571 0.022083
0 0.553336 0.658460 0.021327 0.066527
0 0.567842 0.594634 0.009538 0.014249
0 0.452276 0.718232 0.034346 0.106210
0 0.469706 0.661699 0.011337 0.020881
0 0.546339 0.621987 0.025429 0.054016
0 0.515405 0.618404 0.009695 0.014423
0 0.581983 0.581743 0.009814 0.012624
0 0.534927 0.567836 0.009538 0.010799
0 0.523554 0.587062 0.010952 0.014553
0 0.505077 0.579304 0.032836 0.047201
0 0.530433 0.599220 0.010172 0.014585
0 0.593960 0.587906 0.007350 0.011148
0 0.556432 0.571444 0.031667 0.037904
0 0.502607 0.638373 0.012666 0.021244
0 0.548083 0.575203 0.014730 0.029759
0 0.574339 0.542171 0.010625 0.013027
0 0.445341 0.753175 0.019568 0.035853
0 0.567662 0.995734 0.019286 0.008315
0 0.603139 0.537601 0.031558 0.033394
0 0.674668 0.966621 0.007319 0.019746