0 0.822652 0.831504 0.058598 0.108309
0 0.693955 0.656139 0.045972 0.083955
0 0.424811 0.375642 0.026659 0.071948
0 0.450451 0.582396 0.032949 0.093140
0 0.413186 0.193915 0.018967 0.048095
0 0.652722 0.376809 0.118018 0.251948
0 0.525688 0.112657 0.016503 0.030520
0 0.477163 0.146158 0.017081 0.036889
0 0.522233 0.378451 0.074742 0.299668
0 0.484735 0.414142 0.068819 0.322895
0 0.551074 0.033280 0.013554 0.022532
0 0.474629 0.006480 0.013518 0.012937
0 0.524427 0.030844 0.023295 0.058964
0 0.415604 0.069437 0.019443 0.039218
0 0.445351 0.007341 0.017365 0.014771
0 0.419948 0.035982 0.021573 0.039231
0 0.445943 0.156087 0.020545 0.040714
0 0.771537 0.469700 0.032372 0.049567
0 0.472975 0.069258 0.017563 0.039958
0 0.778308 0.452982 0.046603 0.082393
0 0.671793 0.246264 0.007495 0.019054
0 0.660999 0.234652 0.007288 0.019378
0 0.446294 0.129541 0.024343 0.044173
0 0.499141 0.539338 0.039144 0.072020
0 0.729961 0.373174 0.007706 0.021710