0 0.534859 0.492959 0.018249 0.031677
0 0.698205 0.858012 0.043076 0.074834
0 0.442568 0.895968 0.032815 0.089629
0 0.592441 0.590237 0.024884 0.040886
0 0.566296 0.615174 0.025104 0.043881
0 0.415770 0.416449 0.014361 0.030212
0 0.556310 0.411231 0.036830 0.111462
0 0.522497 0.351830 0.011781 0.022346
0 0.473306 0.418544 0.014790 0.032557
0 0.504434 0.657118 0.024570 0.053939
0 0.476325 0.347489 0.011938 0.021917
0 0.438381 0.311648 0.015297 0.026271
0 0.561197 0.270334 0.009676 0.016340
0 0.571349 0.932010 0.118310 0.134849
0 0.530699 0.290581 0.022417 0.067442
0 0.496135 0.286583 0.011141 0.016980
0 0.417950 0.558165 0.026792 0.060692
0 0.483125 0.311363 0.013565 0.024617
0 0.489853 0.254695 0.011276 0.019044
0 0.486667 0.534185 0.023554 0.053443
0 0.558994 0.235049 0.010161 0.015008
0 0.547248 0.252420 0.010419 0.016638
0 0.419464 0.620363 0.026165 0.066754
0 0.507340 0.258104 0.011224 0.018741
0 0.570814 0.185884 0.033965 0.040518
0 0.775347 0.811048 0.031391 0.048101
0 0.574991 0.214571 0.012960 0.021456
0 0.520355 0.238833 0.012396 0.018470
0 0.545394 0.178247 0.033756 0.040317
0 0.470128 0.702123 0.029660 0.060601
0 0.596373 0.211540 0.009049 0.017062
0 0.541079 0.215265 0.009498 0.015548
0 0.597225 0.193359 0.007459 0.013609
0 0.460709 0.265347 0.011124 0.021365
0 0.561554 0.191478 0.015255 0.028383
0 0.460951 0.312324 0.014940 0.028408
0 0.443440 0.405195 0.021721 0.063138
0 0.651541 0.549718 0.015529 0.031827
0 0.608086 0.159869 0.024088 0.027020
0 0.443064 0.419126 0.019138 0.033911
0 0.534242 0.223952 0.008629 0.011099