0 0.675706 0.835281 0.038914 0.067835
0 0.556075 0.613522 0.023414 0.039171
0 0.583939 0.594231 0.022771 0.038263
0 0.414307 0.466633 0.015468 0.031126
0 0.530862 0.506389 0.017114 0.030370
0 0.473504 0.461880 0.015329 0.033703
0 0.553528 0.428698 0.033296 0.104997
0 0.448876 0.970027 0.034338 0.059395
0 0.522689 0.379017 0.011761 0.021298
0 0.475628 0.386109 0.011789 0.023142
0 0.508499 0.715488 0.024947 0.055878
0 0.532124 0.319840 0.021902 0.064619
0 0.563784 0.296904 0.009266 0.015013
0 0.434472 0.355477 0.015643 0.027715
0 0.481931 0.348345 0.013563 0.025041
0 0.495234 0.324018 0.011322 0.017324
0 0.560778 0.266388 0.010733 0.014646
0 0.591351 0.972719 0.058375 0.053845
0 0.598051 0.243419 0.007339 0.015122
0 0.577268 0.246466 0.011533 0.020592
0 0.548777 0.282811 0.011040 0.016607
0 0.445972 0.421579 0.033062 0.119079
0 0.488402 0.290382 0.010730 0.019304
0 0.505764 0.294663 0.011055 0.019204
0 0.456673 0.306049 0.011975 0.022488
0 0.775966 0.845726 0.031977 0.049828
0 0.541631 0.214769 0.033439 0.039835
0 0.489123 0.584182 0.024436 0.056769
0 0.418255 0.618527 0.026795 0.063743
0 0.518638 0.274994 0.012918 0.019164
0 0.540352 0.249330 0.010088 0.014573
0 0.560409 0.226768 0.015192 0.028825
0 0.443304 0.446448 0.027027 0.068618
0 0.532198 0.257400 0.009599 0.014676
0 0.607690 0.194703 0.023949 0.027219
0 0.422173 0.654392 0.034856 0.136101
0 0.475437 0.768760 0.029300 0.063895
0 0.598571 0.199206 0.006896 0.015251
0 0.459183 0.353687 0.014978 0.023899
0 0.651270 0.585655 0.014890 0.026671
0 0.532255 0.219428 0.014989 0.031252
0 0.466593 0.706846 0.040036 0.113998