0 0.583767 0.049360 0.030370 0.053137
0 0.574423 0.322225 0.036641 0.086385
0 0.454209 0.333345 0.034259 0.094381
0 0.524234 0.725133 0.051010 0.139462
0 0.612670 0.737372 0.073309 0.213620
0 0.775532 0.195469 0.031472 0.051153
0 0.920582 0.790844 0.158430 0.417247
0 0.498494 0.024162 0.031116 0.047206
0 0.563520 0.473753 0.118138 0.417020
0 0.459554 0.030754 0.031954 0.059835
0 0.843665 0.589004 0.091874 0.158935
0 0.413952 0.005014 0.018805 0.010089
0 0.722728 0.848829 0.051221 0.088742
0 0.783417 0.177493 0.047528 0.084036
0 0.745638 0.929297 0.069547 0.140068