0 0.563078 0.474023 0.024132 0.041991
0 0.647673 0.609246 0.035791 0.058469
0 0.464723 0.881736 0.040664 0.109761
0 0.520668 0.248336 0.013193 0.024228
0 0.575603 0.360403 0.057439 0.148758
0 0.814233 0.986975 0.040001 0.025227
0 0.424289 0.576730 0.024851 0.067223
0 0.490173 0.440452 0.020211 0.044378
0 0.552365 0.167122 0.009662 0.016368
0 0.473165 0.249304 0.014220 0.028998
0 0.422961 0.227246 0.013383 0.025442
0 0.478909 0.190670 0.011481 0.020015
0 0.634558 0.690047 0.037897 0.067540
0 0.526266 0.174462 0.019202 0.076019
0 0.449336 0.211843 0.031332 0.105119
0 0.539678 0.129665 0.009833 0.016625
0 0.500572 0.136726 0.011422 0.017250
0 0.585325 0.115416 0.006936 0.013408
0 0.529200 0.815963 0.104764 0.363021
0 0.773036 0.675808 0.031110 0.051078
0 0.486990 0.159652 0.013183 0.023627
0 0.551097 0.107738 0.010853 0.016639
0 0.512079 0.110272 0.010655 0.018218
0 0.415654 0.383702 0.024786 0.050246
0 0.584399 0.088321 0.011264 0.016368
0 0.417227 0.334923 0.025462 0.045824
0 0.478789 0.334839 0.020188 0.030200
0 0.453284 0.138207 0.013967 0.023322
0 0.479359 0.353029 0.017379 0.028334
0 0.588513 0.061588 0.011289 0.014291
0 0.456166 0.464960 0.022056 0.050193
0 0.474196 0.136459 0.031221 0.072471
0 0.600459 0.910104 0.064327 0.177747
0 0.526251 0.090966 0.012511 0.019184
0 0.494990 0.107585 0.010943 0.019076
0 0.603999 0.023339 0.007737 0.012598
0 0.599143 0.068562 0.006945 0.013065
0 0.558987 0.030182 0.034364 0.039128
0 0.779688 0.658646 0.045648 0.085512
0 0.566290 0.084209 0.012386 0.024203
0 0.465746 0.161387 0.012640 0.022204
0 0.480699 0.093845 0.010781 0.012232
0 0.537834 0.078944 0.010326 0.014091
0 0.651599 0.403539 0.015247 0.050194
0 0.611022 0.018056 0.020710 0.023844
0 0.553794 0.962546 0.056263 0.074122
0 0.565881 0.048591 0.014586 0.028266
0 0.452806 0.419237 0.028752 0.078996