0 0.478114 0.550289 0.039705 0.113181
0 0.596479 0.482956 0.040224 0.097220
0 0.560417 0.049459 0.025997 0.045224
0 0.417653 0.111267 0.021881 0.063705
0 0.409961 0.009883 0.019027 0.019355
0 0.560414 0.965721 0.048860 0.067672
0 0.589470 0.653581 0.136845 0.464995
0 0.498410 0.081607 0.050266 0.161961
0 0.460784 0.088653 0.045855 0.176816
0 0.858294 0.652928 0.200124 0.425890
0 0.647203 0.919379 0.080715 0.160365
0 0.762210 0.461812 0.075794 0.132857
0 0.733005 0.166823 0.008234 0.021978
0 0.773689 0.265830 0.030598 0.050512
0 0.674494 0.036311 0.007693 0.017792
0 0.832239 0.378624 0.012358 0.031871