0 0.518579 0.957105 0.011189 0.017772
0 0.499171 0.982445 0.011832 0.017667
0 0.549076 0.990302 0.010373 0.016126
0 0.488732 0.972586 0.010748 0.014699
0 0.525897 0.935209 0.012525 0.015273
0 0.560494 0.911418 0.013487 0.018183
0 0.600407 0.931379 0.008919 0.011955
0 0.587411 0.955966 0.025519 0.048279
0 0.539417 0.951009 0.032891 0.050572
0 0.608153 0.895977 0.016393 0.019525
0 0.509676 0.993922 0.011213 0.011770
0 0.587388 0.907666 0.043699 0.038497
0 0.573311 0.950056 0.022990 0.044070
0 0.528772 0.968317 0.010972 0.015673