0 0.545930 0.474782 0.020485 0.036362
0 0.752876 0.925493 0.051320 0.091835
0 0.593443 0.636376 0.030789 0.053576
0 0.431416 0.726726 0.028055 0.076953
0 0.615570 0.590366 0.029725 0.049729
0 0.521181 0.300197 0.012433 0.022732
0 0.419348 0.320986 0.014907 0.027362
0 0.472930 0.333648 0.014360 0.030558
0 0.496337 0.545772 0.022396 0.047935
0 0.564327 0.381268 0.044286 0.126422
0 0.477731 0.269030 0.012122 0.021472
0 0.556392 0.217317 0.009939 0.017109
0 0.528583 0.231390 0.021526 0.072682
0 0.543757 0.190849 0.010532 0.016830
0 0.484916 0.235354 0.013380 0.024566
0 0.498224 0.212215 0.010566 0.016849
0 0.510156 0.183951 0.010567 0.018398
0 0.445557 0.223646 0.014136 0.025551
0 0.568056 0.856966 0.154490 0.283970
0 0.554812 0.171695 0.010505 0.015797
0 0.590817 0.150128 0.011225 0.016020
0 0.448666 0.295761 0.029214 0.106987
0 0.593662 0.127795 0.010277 0.013667
0 0.472308 0.210926 0.031158 0.074524
0 0.552251 0.104945 0.034267 0.039470
0 0.570694 0.149708 0.012417 0.022207
0 0.482480 0.437265 0.022423 0.050676
0 0.572301 0.116001 0.032814 0.039509
0 0.670380 0.522854 0.007899 0.018975
0 0.659653 0.512276 0.007131 0.017665
0 0.492354 0.181154 0.010914 0.018795
0 0.536165 0.891631 0.090370 0.215464
0 0.523545 0.165397 0.011192 0.019205
0 0.780415 0.726093 0.045205 0.084099
0 0.416659 0.497814 0.025434 0.057638
0 0.774251 0.743646 0.031826 0.049673
0 0.415805 0.443015 0.022956 0.052543
0 0.462398 0.578714 0.024700 0.054942
0 0.463889 0.238453 0.012770 0.021637
0 0.468437 0.536966 0.009142 0.029571
0 0.542845 0.144207 0.008535 0.012936
0 0.609405 0.089478 0.021683 0.024943
0 0.536104 0.151373 0.009557 0.012742
0 0.602166 0.094145 0.007783 0.014561