0 0.411291 0.800301 0.019432 0.045757
0 0.527092 0.684373 0.015060 0.028405
0 0.591000 0.800415 0.024080 0.041891
0 0.479084 0.740072 0.019295 0.042750
0 0.554545 0.671559 0.014986 0.026711
0 0.521201 0.623169 0.012903 0.023809
0 0.471302 0.629641 0.013154 0.026554
0 0.526142 0.548294 0.011208 0.019319
0 0.488140 0.549379 0.011472 0.019340
0 0.445026 0.690248 0.027274 0.152368
0 0.548916 0.558199 0.018695 0.079240
0 0.415805 0.635224 0.017357 0.037371
0 0.432215 0.565466 0.014524 0.027114
0 0.512558 0.921901 0.033614 0.078253
0 0.474555 0.583229 0.013648 0.028448
0 0.457154 0.558713 0.031502 0.093293
0 0.559490 0.468795 0.009968 0.014874
0 0.497576 0.513231 0.010625 0.019904
0 0.478119 0.510407 0.011871 0.018568
0 0.539805 0.498363 0.024562 0.060748
0 0.573126 0.454776 0.010075 0.013962
0 0.582318 0.466736 0.008262 0.012143
0 0.508906 0.492768 0.012435 0.021213
0 0.589764 0.437579 0.011340 0.020621
0 0.532450 0.442031 0.008942 0.015458
0 0.519146 0.433950 0.033909 0.043873
0 0.450581 0.590498 0.017208 0.029480
0 0.640490 0.941298 0.049133 0.089120
0 0.599836 0.400640 0.028657 0.031403
0 0.535108 0.459351 0.009904 0.014222
0 0.522831 0.473055 0.009550 0.014577
0 0.552972 0.435033 0.014972 0.029885
0 0.663986 0.878882 0.044429 0.058051
0 0.561407 0.429304 0.032938 0.036601
0 0.674556 0.960299 0.070822 0.078648
0 0.590128 0.406326 0.009519 0.014738