0 0.647723 0.092937 0.040531 0.074042
0 0.696609 0.079478 0.040143 0.070096
0 0.992194 0.949580 0.015503 0.076712
0 0.539088 0.032894 0.031370 0.064393
0 0.465968 0.253638 0.037378 0.103045
0 0.795804 0.912878 0.119421 0.173000
0 0.557251 0.358212 0.060712 0.181452
0 0.520907 0.161223 0.091915 0.321783
0 0.778400 0.052365 0.032305 0.052518
0 0.642269 0.432637 0.040535 0.069090
0 0.659624 0.500539 0.057012 0.127371
0 0.580642 0.778889 0.080916 0.231632
0 0.592318 0.827186 0.057250 0.134076
0 0.421718 0.004053 0.022135 0.008401