0 0.909233 0.960429 0.061521 0.078388
0 0.418358 0.239369 0.024272 0.064498
0 0.782858 0.824732 0.058121 0.109573
0 0.658651 0.851889 0.051351 0.123759
0 0.434883 0.406950 0.028890 0.080935
0 0.532891 0.082820 0.019418 0.034045
0 0.411804 0.081773 0.018071 0.045053
0 0.627876 0.890905 0.111227 0.217225
0 0.474176 0.052939 0.016513 0.035069
0 0.474520 0.285512 0.059983 0.291263
0 0.512275 0.261784 0.067044 0.274435
0 0.556698 0.006620 0.013272 0.013124
0 0.527312 0.008744 0.020585 0.017367
0 0.444752 0.061427 0.018522 0.039978
0 0.672577 0.176690 0.008010 0.019921
0 0.731435 0.303996 0.008168 0.021462
0 0.772661 0.432094 0.010727 0.030890
0 0.772893 0.402520 0.030607 0.050104
0 0.662075 0.165439 0.006802 0.018355
0 0.779434 0.385150 0.044812 0.084040
0 0.452448 0.031958 0.006640 0.021872
0 0.718509 0.289762 0.005342 0.017839