0 0.411158 0.625040 0.016675 0.037429
0 0.624460 0.798915 0.030455 0.054047
0 0.536486 0.636437 0.018202 0.033056
0 0.472984 0.506455 0.012474 0.023463
0 0.524287 0.558341 0.013952 0.027084
0 0.477991 0.464959 0.013987 0.026244
0 0.424249 0.823691 0.031803 0.088362
0 0.491219 0.435260 0.011116 0.017948
0 0.475412 0.596487 0.017406 0.037621
0 0.549047 0.489282 0.024255 0.091125
0 0.524306 0.462163 0.010938 0.019994
0 0.525385 0.903875 0.029564 0.067504
0 0.564762 0.624167 0.018827 0.031252
0 0.501811 0.404074 0.010854 0.018553
0 0.444859 0.550495 0.027998 0.138343
0 0.462394 0.440579 0.032310 0.086120
0 0.424294 0.491941 0.016546 0.032073
0 0.553907 0.375870 0.010357 0.015032
0 0.566446 0.360357 0.010377 0.014915
0 0.489716 0.953532 0.044853 0.092102
0 0.535478 0.408287 0.024113 0.061785
0 0.483678 0.399817 0.011185 0.019055
0 0.478377 0.883718 0.041856 0.083553
0 0.498392 0.743059 0.028242 0.064867
0 0.572618 0.380201 0.009009 0.013732
0 0.444197 0.432147 0.014027 0.025556
0 0.513686 0.384017 0.012491 0.019646
0 0.431565 0.905823 0.036404 0.095763
0 0.539723 0.335008 0.009841 0.016891
0 0.582956 0.342235 0.012405 0.020393
0 0.604373 0.298450 0.026448 0.029221
0 0.530385 0.323738 0.033394 0.041466
0 0.764077 0.967961 0.101754 0.063151
0 0.594859 0.304070 0.008315 0.015118
0 0.557010 0.331806 0.014917 0.029946
0 0.537783 0.355377 0.010663 0.012622
0 0.671224 0.725988 0.007361 0.018870
0 0.732943 0.851873 0.008272 0.024359
0 0.500463 0.752766 0.023284 0.044804
0 0.742012 0.943852 0.060069 0.068997
0 0.705022 0.970504 0.063025 0.058192
0 0.527825 0.365492 0.009117 0.014380
0 0.442566 0.596792 0.021778 0.045584
0 0.660435 0.715164 0.007239 0.019294