0 0.493911 0.673314 0.043803 0.125123
0 0.551397 0.054238 0.023988 0.041037
0 0.609449 0.568647 0.041907 0.103052
0 0.411543 0.052359 0.022053 0.055479
0 0.421159 0.180916 0.022633 0.067403
0 0.605465 0.751023 0.147304 0.493781
0 0.498628 0.109742 0.059471 0.218878
0 0.463287 0.119361 0.048669 0.237089
0 0.815596 0.583077 0.182175 0.386215
0 0.732431 0.202533 0.008671 0.023406
0 0.674138 0.071665 0.008355 0.019030
0 0.728058 0.407369 0.067917 0.130757
0 0.663730 0.060396 0.006715 0.018256
0 0.773419 0.300359 0.031073 0.050621
0 0.781043 0.283302 0.047100 0.084505