0 0.691034 0.649345 0.042105 0.070700
0 0.590452 0.496957 0.029309 0.051015
0 0.419244 0.439458 0.022726 0.059553
0 0.694457 0.787725 0.048152 0.085046
0 0.446956 0.689912 0.034701 0.092114
0 0.520918 0.197144 0.013378 0.026663
0 0.593254 0.349654 0.072348 0.174473
0 0.496357 0.975282 0.036339 0.048928
0 0.485047 0.339769 0.019330 0.042330
0 0.549970 0.117849 0.011345 0.019409
0 0.427429 0.134537 0.012392 0.023081
0 0.579361 0.059604 0.009888 0.015397
0 0.473327 0.165007 0.014054 0.028283
0 0.480180 0.111297 0.011492 0.019297
0 0.535781 0.067560 0.010835 0.018649
0 0.514340 0.033624 0.011305 0.018377
0 0.547253 0.043510 0.010563 0.016627
0 0.502463 0.059935 0.011486 0.017123
0 0.524902 0.118071 0.019929 0.083351
0 0.577833 0.025448 0.011311 0.017419
0 0.460289 0.051989 0.012138 0.021513
0 0.551123 0.639867 0.101958 0.372261
0 0.488406 0.081650 0.013289 0.022663
0 0.488680 0.015470 0.012119 0.015912
0 0.451184 0.129859 0.031673 0.101389
0 0.496402 0.031257 0.011524 0.017327
0 0.593892 0.004645 0.009157 0.009493
0 0.506258 0.653414 0.080733 0.309051
0 0.476152 0.058964 0.031111 0.071532
0 0.476323 0.256750 0.017818 0.030714
0 0.670589 0.385478 0.007670 0.018579
0 0.528485 0.015585 0.011593 0.019135
0 0.772590 0.639622 0.010990 0.023765
0 0.416265 0.231111 0.021452 0.042581
0 0.532138 0.827768 0.056823 0.173408
0 0.451864 0.356013 0.023170 0.046877
0 0.414736 0.274744 0.022853 0.047817
0 0.539522 0.005603 0.010916 0.011216
0 0.572803 0.744260 0.057960 0.163917
0 0.659992 0.374288 0.007058 0.018376
0 0.468650 0.085186 0.010653 0.018621
0 0.561424 0.017596 0.013872 0.025807
0 0.778125 0.589990 0.045887 0.084246
0 0.475828 0.238130 0.015084 0.020618
0 0.806251 0.687036 0.010427 0.024614
0 0.516677 0.005748 0.011224 0.011042
0 0.444706 0.163464 0.018061 0.033068
0 0.450646 0.337460 0.028989 0.085660
0 0.771781 0.606719 0.032383 0.049435