0 0.660040 0.597322 0.040547 0.073339
0 0.783262 0.770459 0.054615 0.098147
0 0.523641 0.131277 0.015062 0.029259
0 0.429122 0.447435 0.028675 0.075109
0 0.414341 0.253020 0.019910 0.050809
0 0.460173 0.679384 0.036353 0.101731
0 0.478891 0.193779 0.017043 0.037676
0 0.474289 0.039750 0.013786 0.028490
0 0.634087 0.361682 0.103601 0.229008
0 0.490830 0.481976 0.074130 0.341357
0 0.473994 0.114755 0.018611 0.041303
0 0.527912 0.440678 0.080484 0.316557
0 0.549681 0.052866 0.012386 0.020827
0 0.524299 0.042238 0.023549 0.083573
0 0.415026 0.119353 0.019379 0.041303
0 0.447058 0.203417 0.020624 0.044712
0 0.433007 0.005530 0.011769 0.010867
0 0.778289 0.487501 0.046631 0.084236
0 0.451454 0.027684 0.030821 0.055263
0 0.445238 0.038658 0.018526 0.032059
0 0.651879 0.239520 0.015115 0.031847
0 0.832025 0.615060 0.011341 0.030084
0 0.417892 0.082846 0.018717 0.038679
0 0.729830 0.407811 0.007606 0.023738
0 0.771479 0.503530 0.031927 0.051337