0 0.583457 0.353259 0.064375 0.160927
0 0.520783 0.222738 0.013565 0.024178
0 0.473244 0.206493 0.014164 0.029605
0 0.667652 0.626112 0.038639 0.063982
0 0.575283 0.481422 0.026335 0.045766
0 0.425091 0.180847 0.013501 0.024673
0 0.487122 0.389429 0.019860 0.042852
0 0.479735 0.150113 0.011772 0.021402
0 0.550951 0.142126 0.010609 0.018015
0 0.455177 0.782138 0.037581 0.100210
0 0.514620 0.729398 0.087186 0.329137
0 0.457321 0.094293 0.013688 0.022458
0 0.661925 0.731850 0.042823 0.075217
0 0.415191 0.328614 0.023191 0.048126
0 0.501640 0.097944 0.011895 0.017437
0 0.449778 0.170347 0.029975 0.103148
0 0.582949 0.087050 0.009282 0.015379
0 0.487713 0.120726 0.013578 0.023921
0 0.421898 0.514808 0.022611 0.046041
0 0.537882 0.098552 0.011033 0.017679
0 0.581039 0.056185 0.011257 0.016829
0 0.561397 0.714453 0.109410 0.397385
0 0.525547 0.146118 0.019514 0.078981
0 0.549045 0.074462 0.010860 0.017898
0 0.513008 0.071339 0.010728 0.017782
0 0.778444 0.624208 0.045674 0.084169
0 0.544296 0.913984 0.061780 0.171251
0 0.597108 0.034603 0.009126 0.013629
0 0.495667 0.069149 0.011746 0.018185
0 0.527237 0.053545 0.012335 0.018016
0 0.478275 0.296693 0.021271 0.044988
0 0.484484 0.055002 0.011244 0.014206
0 0.415698 0.282363 0.020455 0.043844
0 0.585195 0.027530 0.012127 0.014551
0 0.420829 0.491132 0.021470 0.032989
0 0.451802 0.382236 0.030186 0.103858
0 0.585675 0.825058 0.060167 0.176366
0 0.563629 0.050572 0.014396 0.024588
0 0.772372 0.640816 0.032216 0.051141
0 0.453922 0.409782 0.022019 0.047836
0 0.552115 0.653715 0.090390 0.275492
0 0.476489 0.287001 0.017034 0.026109
0 0.467353 0.122330 0.013321 0.023297
0 0.574648 0.012848 0.032128 0.025636
0 0.651631 0.378960 0.015649 0.032856
0 0.523111 0.781521 0.104481 0.434237
0 0.475787 0.096406 0.031134 0.074954
0 0.421559 0.506257 0.023715 0.063190
0 0.416934 0.292385 0.024510 0.063961
0 0.477764 0.306611 0.016909 0.024478
0 0.551001 0.004877 0.011733 0.010779
0 0.444224 0.204086 0.018209 0.035609