0 0.950941 0.767268 0.057463 0.060057
0 0.436319 0.653185 0.058033 0.060732
0 0.982692 0.967467 0.034416 0.063191
0 0.335797 0.523506 0.051085 0.056595
0 0.788032 0.822871 0.059893 0.066892
0 0.372773 0.917475 0.020354 0.023152
0 0.854325 0.284144 0.019290 0.043914
0 0.344593 0.262480 0.058112 0.044884
0 0.508864 0.280368 0.054375 0.061629
0 0.961877 0.390142 0.064247 0.062410
0 0.178705 0.423826 0.041583 0.024205
0 0.567488 0.261317 0.057474 0.076193
0 0.011224 0.372290 0.022286 0.020130
0 0.448282 0.584044 0.046276 0.040336
0 0.934930 0.217202 0.057877 0.067109
0 0.585878 0.343629 0.027975 0.044700
0 0.786483 0.242256 0.023631 0.028060
0 0.969658 0.461501 0.060314 0.062152
0 0.926243 0.585934 0.017612 0.025247
0 0.969440 0.263552 0.060681 0.067580
0 0.990949 0.484518 0.017753 0.031504
0 0.995138 0.173066 0.009486 0.039348
0 0.912686 0.963315 0.078623 0.072928
0 0.771090 0.231751 0.021993 0.025011
0 0.835605 0.221989 0.025701 0.022199