0 0.972315 0.893295 0.029499 0.048302
0 0.902212 0.399680 0.014491 0.014415
0 0.917897 0.370833 0.018803 0.013194
0 0.517722 0.379573 0.060713 0.046447
0 0.267287 0.519108 0.038795 0.034222
0 0.397499 0.518939 0.038188 0.032470
0 0.869958 0.422255 0.015781 0.015010
0 0.176366 0.337198 0.023022 0.017125
0 0.972056 0.341117 0.055584 0.059797
0 0.866789 0.457659 0.010581 0.013018
0 0.772747 0.321034 0.032476 0.025167
0 0.518200 0.692658 0.030681 0.029345
0 0.865061 0.255594 0.031245 0.032506
0 0.785645 0.344515 0.028923 0.035585
0 0.416773 0.376781 0.031627 0.023948
0 0.717162 0.830184 0.018582 0.025808
0 0.868945 0.289482 0.032382 0.037194
0 0.599475 0.745648 0.012178 0.016343
0 0.826957 0.316934 0.032457 0.035430
0 0.808609 0.440053 0.032921 0.036824
0 0.974822 0.220735 0.037393 0.040544
0 0.684925 0.505899 0.016196 0.023066
0 0.843714 0.416660 0.031338 0.033469
0 0.915304 0.339236 0.033481 0.033268
0 0.502798 0.385978 0.030797 0.032728
0 0.749990 0.371990 0.041174 0.034668
0 0.879044 0.353955 0.041414 0.043899
0 0.120499 0.530559 0.020358 0.041354
0 0.732187 0.348686 0.040348 0.035142