0 0.154314 0.809866 0.035685 0.032796
0 0.845232 0.854591 0.025799 0.038502
0 0.932381 0.365431 0.033646 0.027650
0 0.846035 0.761936 0.022502 0.038964
0 0.947705 0.876840 0.016743 0.019625
0 0.693571 0.675949 0.031725 0.034531
0 0.343428 0.481153 0.024574 0.027652
0 0.160802 0.362714 0.017262 0.015676
0 0.450403 0.677807 0.017120 0.011358
0 0.756780 0.558906 0.007769 0.020976
0 0.834419 0.403689 0.085951 0.062491
0 0.827419 0.750863 0.011030 0.018891
0 0.765072 0.598037 0.008884 0.018581
0 0.826122 0.938231 0.015686 0.026342
0 0.890997 0.239686 0.019502 0.023391
0 0.435407 0.405256 0.029858 0.023768
0 0.823219 0.708266 0.014351 0.016401
0 0.492061 0.540158 0.012507 0.008641
0 0.815432 0.378679 0.058996 0.043803
0 0.539044 0.557241 0.015056 0.011139
0 0.914068 0.252925 0.025275 0.032593
0 0.416834 0.875100 0.015932 0.010604
0 0.879033 0.275332 0.028984 0.032197
0 0.670483 0.689946 0.026241 0.030393
0 0.192910 0.962086 0.021373 0.040836
0 0.924287 0.215314 0.030943 0.027210
0 0.420272 0.793978 0.012268 0.017098
0 0.458474 0.443263 0.010647 0.010515
0 0.668995 0.237547 0.016294 0.033734
0 0.369220 0.456595 0.013756 0.010220
0 0.951442 0.058537 0.012672 0.017709
0 0.154310 0.302330 0.018896 0.017262
0 0.502353 0.410254 0.025574 0.026686
0 0.743587 0.422192 0.071682 0.061829
0 0.324758 0.708957 0.011672 0.010955