0 0.942361 0.415343 0.011426 0.013524
0 0.902420 0.437649 0.034563 0.043738
0 0.045250 0.925268 0.033377 0.041952
0 0.973234 0.829708 0.018537 0.019713
0 0.519501 0.369352 0.065194 0.050777
0 0.922849 0.792611 0.030136 0.050865
0 0.961693 0.375420 0.025404 0.017072
0 0.085978 0.261429 0.019448 0.015043
0 0.865223 0.437692 0.014211 0.012809
0 0.227560 0.780445 0.023084 0.016665
0 0.880796 0.867264 0.010987 0.016530
0 0.828633 0.395320 0.097841 0.083916
0 0.794484 0.307464 0.037426 0.029558
0 0.503407 0.377265 0.032677 0.034607
0 0.768895 0.362269 0.045735 0.038036
0 0.534992 0.365467 0.033998 0.042493
0 0.924953 0.337816 0.082356 0.058972
0 0.832131 0.434356 0.035618 0.035690
0 0.773855 0.685243 0.009990 0.015203
0 0.749776 0.337721 0.044308 0.037608
0 0.807107 0.333442 0.031659 0.037289
0 0.763042 0.543102 0.013850 0.012846
0 0.104058 0.804005 0.014245 0.016584
0 0.726520 0.754170 0.033416 0.042050
0 0.896663 0.275005 0.035275 0.040209
0 0.869593 0.410755 0.034238 0.037715
0 0.851532 0.303343 0.034545 0.038816
0 0.947452 0.327057 0.037229 0.036818
0 0.885682 0.652216 0.009702 0.011870
0 0.893164 0.238350 0.036905 0.036924
0 0.906921 0.343755 0.045785 0.046502
0 0.993496 0.351975 0.012855 0.019664