0 0.945996 0.841798 0.029764 0.049395
0 0.953781 0.407115 0.021383 0.012942
0 0.153805 0.824598 0.023322 0.015848
0 0.905684 0.437035 0.017763 0.013500
0 0.945228 0.378173 0.015393 0.015438
0 0.864622 0.464627 0.033462 0.043544
0 0.914739 0.400686 0.025916 0.016447
0 0.961273 0.341986 0.022592 0.019924
0 0.396879 0.877229 0.014358 0.013909
0 0.414544 0.372491 0.033988 0.026046
0 0.783323 0.314483 0.035494 0.026783
0 0.012447 0.967381 0.024555 0.032105
0 0.945950 0.950532 0.020572 0.025164
0 0.878775 0.246697 0.033915 0.034915
0 0.133189 0.303633 0.022552 0.013817
0 0.856145 0.413476 0.032742 0.035094
0 0.519080 0.374474 0.062389 0.048043
0 0.882310 0.281772 0.033381 0.039410
0 0.740715 0.342803 0.042819 0.036834
0 0.105797 0.531788 0.019243 0.040119
0 0.685483 0.344456 0.019980 0.012748
0 0.691172 0.506237 0.016289 0.022718
0 0.838978 0.311343 0.032874 0.035799
0 0.816280 0.398919 0.093989 0.081546
0 0.048564 0.855443 0.024039 0.017116
0 0.930536 0.333161 0.035495 0.034197
0 0.986144 0.211193 0.027481 0.041034
0 0.795883 0.338668 0.029685 0.035451
0 0.504042 0.381419 0.032221 0.033587
0 0.843107 0.331610 0.012285 0.012787
0 0.394186 0.920250 0.019914 0.012518
0 0.317959 0.355500 0.055010 0.042071
0 0.892386 0.349266 0.043231 0.045011
0 0.192201 0.483133 0.041263 0.038389
0 0.718471 0.744080 0.031879 0.040599