0 0.214169 0.753784 0.026506 0.032046
0 0.816019 0.693915 0.025171 0.041283
0 0.760464 0.743900 0.026540 0.037655
0 0.242805 0.417627 0.023916 0.029824
0 0.930954 0.243434 0.026645 0.031232
0 0.427061 0.666882 0.010637 0.012291
0 0.758902 0.691705 0.023672 0.027405
0 0.894966 0.265640 0.030484 0.033117
0 0.514748 0.399650 0.050425 0.037948
0 0.335222 0.703138 0.017029 0.013281
0 0.622153 0.625995 0.031277 0.028924
0 0.416939 0.488020 0.013002 0.009898
0 0.881873 0.339368 0.028182 0.027845
0 0.906352 0.229530 0.022922 0.025916
0 0.257649 0.388571 0.016487 0.011476
0 0.431815 0.398055 0.030210 0.021686
0 0.757990 0.419700 0.083125 0.070216
0 0.942039 0.203245 0.032111 0.029516
0 0.797179 0.650572 0.014884 0.028912
0 0.417058 0.803698 0.010959 0.013978
0 0.795533 0.473559 0.012476 0.013582
0 0.725188 0.350137 0.023810 0.021391
0 0.841236 0.397409 0.072378 0.064428
0 0.933450 0.206572 0.014769 0.020975
0 0.970202 0.039788 0.013546 0.019252
0 0.182423 0.971145 0.020201 0.031188
0 0.380607 0.495640 0.010004 0.010555
0 0.977156 0.234170 0.013214 0.012313
0 0.384616 0.446959 0.015854 0.010797
0 0.964819 0.047805 0.025219 0.035478
0 0.675126 0.695117 0.024366 0.031163