0 0.437021 0.566569 0.049014 0.051196
0 0.505023 0.297771 0.050365 0.056501
0 0.876666 0.879072 0.062185 0.068903
0 0.818049 0.325704 0.019715 0.036359
0 0.770088 0.313422 0.018668 0.027329
0 0.981258 0.369016 0.037312 0.077162
0 0.930236 0.399912 0.059411 0.058656
0 0.978549 0.188588 0.042477 0.055682
0 0.766747 0.260798 0.024999 0.027976
0 0.577117 0.349788 0.026379 0.026427
0 0.576372 0.370021 0.019183 0.018967
0 0.307078 0.925889 0.039661 0.023398
0 0.351344 0.280674 0.054736 0.042488
0 0.905193 0.238351 0.054739 0.063336
0 0.497619 0.972845 0.232131 0.054093
0 0.982775 0.435653 0.034103 0.043008
0 0.531069 0.625313 0.042154 0.040423
0 0.533577 0.285327 0.107242 0.082298
0 0.326154 0.489409 0.021205 0.018074
0 0.176692 0.240654 0.102044 0.080009
0 0.895313 0.583378 0.015194 0.023631
0 0.187544 0.463570 0.040821 0.022322
0 0.811749 0.241539 0.019600 0.020573
0 0.815021 0.270918 0.022800 0.024025
0 0.920645 0.607141 0.024028 0.031172
0 0.561004 0.280835 0.052004 0.073050
0 0.570267 0.703254 0.066238 0.057758
0 0.938036 0.280614 0.058188 0.062231
0 0.079722 0.360800 0.037578 0.021050
0 0.654969 0.231965 0.023245 0.037123
0 0.750658 0.252241 0.018961 0.021932
0 0.334590 0.490408 0.038307 0.021328
0 0.914143 0.238795 0.072730 0.063709
0 0.991784 0.241701 0.016250 0.044965