0 0.517788 0.380968 0.059916 0.046111
0 0.904410 0.377718 0.017152 0.014223
0 0.979959 0.912651 0.028649 0.047622
0 0.419015 0.529659 0.030304 0.031166
0 0.858398 0.427852 0.015156 0.015129
0 0.964447 0.344270 0.070620 0.068950
0 0.782550 0.346006 0.028842 0.034792
0 0.707830 0.733155 0.033503 0.040732
0 0.864948 0.292014 0.032011 0.037697
0 0.858154 0.466033 0.016190 0.014180
0 0.578781 0.729161 0.012480 0.017017
0 0.877263 0.796132 0.019468 0.017068
0 0.823035 0.319138 0.032193 0.035087
0 0.890581 0.350296 0.074223 0.053409
0 0.890063 0.405838 0.012886 0.014652
0 0.190249 0.348723 0.022680 0.015147
0 0.840012 0.417303 0.030875 0.034382
0 0.969571 0.224207 0.037119 0.039985
0 0.910366 0.341107 0.033787 0.034624
0 0.497848 0.684824 0.029956 0.028835
0 0.418231 0.377959 0.032017 0.023625
0 0.895221 0.406273 0.024469 0.014809
0 0.422531 0.529772 0.037810 0.032443
0 0.827784 0.507207 0.034322 0.051101