0 0.328144 0.749664 0.040449 0.036605
0 0.859618 0.804921 0.035764 0.049709
0 0.440259 0.711968 0.017239 0.016757
0 0.898767 0.376409 0.121546 0.102102
0 0.947691 0.481172 0.023404 0.023225
0 0.706535 0.661236 0.025977 0.018519
0 0.826700 0.811018 0.014676 0.019810
0 0.909888 0.558418 0.034659 0.068740
0 0.524165 0.344233 0.078719 0.058377
0 0.975783 0.463155 0.019726 0.015315
0 0.468885 0.549978 0.016627 0.017013
0 0.629613 0.812347 0.016708 0.019073
0 0.921944 0.842658 0.014762 0.021081
0 0.852983 0.268141 0.037849 0.039266
0 0.902272 0.422093 0.043151 0.040899
0 0.773775 0.812043 0.036766 0.044675
0 0.773684 0.051645 0.039834 0.102592
0 0.979347 0.230966 0.040791 0.047784
0 0.973049 0.264498 0.018138 0.016090
0 0.868841 0.874627 0.026125 0.038328
0 0.872472 0.301050 0.038875 0.043962
0 0.268569 0.318763 0.069920 0.062892
0 0.948479 0.394766 0.042357 0.044249
0 0.741615 0.511305 0.023436 0.028548
0 0.925992 0.265649 0.044452 0.047237
0 0.504111 0.352124 0.038274 0.041876
0 0.459800 0.481807 0.014398 0.015275
0 0.813476 0.422836 0.041727 0.043308
0 0.391709 0.339616 0.040078 0.030013
0 0.918469 0.429040 0.012444 0.017435