0 0.977049 0.801939 0.045697 0.057367
0 0.373444 0.539217 0.055855 0.055675
0 0.841443 0.303048 0.017985 0.039667
0 0.346103 0.918652 0.018901 0.022835
0 0.565550 0.267430 0.054609 0.073662
0 0.506984 0.286782 0.052857 0.058481
0 0.480661 0.670827 0.056766 0.060140
0 0.950424 0.394022 0.062680 0.061069
0 0.065564 0.404051 0.021509 0.020103
0 0.816389 0.840198 0.056851 0.067798
0 0.477712 0.597029 0.043311 0.040420
0 0.231579 0.447918 0.036619 0.022039
0 0.989288 0.179103 0.021315 0.046512
0 0.346610 0.268771 0.057077 0.044821
0 0.786543 0.306667 0.020557 0.025108
0 0.916036 0.585327 0.018157 0.024148
0 0.991972 0.367180 0.015776 0.064442
0 0.826272 0.228655 0.020253 0.020965
0 0.580505 0.339364 0.031325 0.033968
0 0.580694 0.362242 0.016943 0.016583
0 0.958704 0.269743 0.061309 0.064822
0 0.779490 0.248377 0.024354 0.029532
0 0.993343 0.435296 0.013068 0.029418
0 0.941968 0.440504 0.024960 0.026814