0 0.930522 0.809332 0.030866 0.050508
0 0.030206 0.941119 0.033086 0.042147
0 0.889095 0.446238 0.033724 0.044428
0 0.928947 0.423288 0.011185 0.013405
0 0.202904 0.794058 0.023718 0.017295
0 0.102605 0.275123 0.021693 0.018724
0 0.995409 0.327644 0.008691 0.012570
0 0.941795 0.383807 0.020011 0.015129
0 0.982279 0.860012 0.015440 0.019779
0 0.995179 0.385129 0.009537 0.012648
0 0.977330 0.361609 0.016346 0.015574
0 0.089414 0.820244 0.027119 0.017582
0 0.310710 0.421495 0.034297 0.023069
0 0.847187 0.306393 0.033927 0.038378
0 0.803192 0.335701 0.030714 0.037711
0 0.891550 0.277571 0.034458 0.039088
0 0.789243 0.309912 0.034702 0.028256
0 0.519287 0.370753 0.063815 0.049147
0 0.856083 0.441313 0.009909 0.013973
0 0.901377 0.893969 0.011053 0.016841
0 0.864807 0.411334 0.034001 0.036599
0 0.136700 0.451483 0.037142 0.041532
0 0.827341 0.435521 0.034662 0.035996
0 0.941399 0.329976 0.036860 0.035549
0 0.544469 0.419152 0.008998 0.010276
0 0.724109 0.751050 0.033963 0.043075
0 0.787880 0.701151 0.009641 0.018255
0 0.312471 0.350527 0.056783 0.043253
0 0.393656 0.886950 0.013509 0.013245
0 0.706917 0.815907 0.011509 0.016443
0 0.977364 0.250952 0.014341 0.015767
0 0.410975 0.368726 0.033106 0.024947
0 0.824232 0.396433 0.097325 0.082837