0 0.828806 0.316822 0.018321 0.036204
0 0.122354 0.434269 0.021998 0.019133
0 0.405489 0.553528 0.052066 0.053072
0 0.983740 0.185538 0.032281 0.047728
0 0.577600 0.365703 0.017410 0.018541
0 0.776555 0.308318 0.019644 0.026759
0 0.914819 0.231776 0.057379 0.064990
0 0.506344 0.293452 0.051531 0.057216
0 0.535183 0.279510 0.109773 0.086331
0 0.987938 0.434100 0.023984 0.040682
0 0.939861 0.397333 0.061049 0.059077
0 0.905164 0.583753 0.015469 0.024516
0 0.845146 0.857563 0.060314 0.070670
0 0.523153 0.687486 0.056200 0.057909
0 0.349316 0.275217 0.056468 0.044201
0 0.563471 0.273413 0.053318 0.073324
0 0.578817 0.346695 0.029122 0.026994
0 0.986554 0.368259 0.026730 0.068597
0 0.979173 0.482896 0.038567 0.042706
0 0.505840 0.610948 0.044222 0.041538
0 0.331345 0.921745 0.040612 0.024455
0 0.320660 0.921962 0.019255 0.022024
0 0.948906 0.274819 0.059489 0.066312
0 0.818267 0.235378 0.021666 0.020868
0 0.659881 0.225495 0.022969 0.036791
0 0.956039 0.467798 0.073145 0.055890
0 0.991885 0.828673 0.016151 0.038809