0 0.635733 0.850667 0.045471 0.057396
0 0.657794 0.649668 0.042695 0.048606
0 0.831209 0.821478 0.049269 0.058151
0 0.948715 0.365347 0.102170 0.108521
0 0.718222 0.728761 0.044902 0.039759
0 0.547677 0.603543 0.017972 0.018479
0 0.938446 0.269535 0.045941 0.051939
0 0.552726 0.311831 0.044272 0.061001
0 0.914417 0.231142 0.043953 0.046470
0 0.987556 0.238375 0.024637 0.035737
0 0.504535 0.327136 0.043671 0.049473
0 0.848109 0.274333 0.046425 0.054450
0 0.820860 0.871997 0.044511 0.050555
0 0.983092 0.690150 0.027493 0.085388
0 0.405392 0.515338 0.032634 0.021033
0 0.781717 0.952440 0.047754 0.035854
0 0.972359 0.412393 0.050422 0.049228
0 0.668508 0.605052 0.019110 0.018080
0 0.147515 0.961165 0.034399 0.020866
0 0.883458 0.310944 0.064851 0.053553
0 0.372168 0.313486 0.047556 0.036342
0 0.869102 0.413045 0.049848 0.050492
0 0.768029 0.947282 0.019750 0.024963
0 0.565463 0.388331 0.014777 0.014052
0 0.565900 0.370037 0.023884 0.024220
0 0.375723 0.057864 0.017076 0.020799
0 0.633745 0.269818 0.018024 0.030097