0 0.059819 0.249766 0.025422 0.036989
0 0.602128 0.549402 0.016888 0.021200
0 0.423462 0.387352 0.028933 0.021718
0 0.359360 0.678281 0.027290 0.026865
0 0.448071 0.575369 0.030935 0.026434
0 0.968608 0.373699 0.018323 0.012485
0 0.279065 0.399901 0.018593 0.014029
0 0.893599 0.378506 0.080604 0.069206
0 0.583485 0.603289 0.028272 0.032540
0 0.910712 0.404716 0.018921 0.012755
0 0.778514 0.411030 0.081932 0.070620
0 0.861046 0.361195 0.067724 0.051122
0 0.748442 0.336515 0.028959 0.022701
0 0.946983 0.309273 0.032154 0.031218
0 0.794672 0.591871 0.016917 0.050160
0 0.502492 0.395265 0.026396 0.029015
0 0.404042 0.857928 0.019824 0.018321
0 0.436426 0.675518 0.012128 0.013203
0 0.668773 0.504312 0.014161 0.019934
0 0.798180 0.332461 0.029632 0.031875
0 0.840658 0.417368 0.016090 0.014321
0 0.728078 0.382006 0.038025 0.031786
0 0.836909 0.307285 0.029619 0.033329
0 0.692043 0.715555 0.026652 0.034275
0 0.184094 0.300319 0.035948 0.048995
0 0.760818 0.356519 0.026589 0.032477
0 0.529487 0.386633 0.028791 0.035874