0 0.423472 0.384873 0.034888 0.025362
0 0.416678 0.671823 0.028752 0.023774
0 0.923063 0.365540 0.084522 0.072472
0 0.541380 0.513972 0.016691 0.020280
0 0.337577 0.371314 0.055255 0.042514
0 0.382906 0.558940 0.031696 0.028267
0 0.846354 0.426624 0.010747 0.012092
0 0.517369 0.386079 0.056507 0.043779
0 0.824659 0.480587 0.016765 0.015262
0 0.955004 0.316192 0.011165 0.012614
0 0.586690 0.728417 0.012675 0.012347
0 0.818751 0.504724 0.009766 0.017713
0 0.982388 0.369249 0.017765 0.013508
0 0.503902 0.391982 0.029575 0.030795
0 0.824669 0.420809 0.029226 0.032622
0 0.515745 0.570799 0.028875 0.031251
0 0.769883 0.353336 0.026957 0.033256
0 0.242895 0.381128 0.021256 0.012897
0 0.787944 0.408014 0.084737 0.074824
0 0.948287 0.236068 0.035160 0.038385
0 0.872898 0.356824 0.069709 0.051260
0 0.698316 0.721627 0.027477 0.037681
0 0.496612 0.686411 0.012480 0.012827
0 0.916058 0.757193 0.018248 0.011184
0 0.987806 0.208593 0.024175 0.040949
0 0.848294 0.300693 0.030566 0.036233
0 0.808789 0.326891 0.030022 0.034290
0 0.801659 0.556826 0.016916 0.053326
0 0.982373 0.291907 0.033399 0.031160
0 0.862962 0.402903 0.018507 0.013601