0 0.424340 0.385377 0.034139 0.023484
0 0.255177 0.388870 0.020993 0.011033
0 0.396917 0.672634 0.028254 0.025297
0 0.017214 0.201093 0.026165 0.039072
0 0.784673 0.409499 0.084141 0.073825
0 0.939854 0.887845 0.017438 0.016562
0 0.538890 0.580809 0.029430 0.031370
0 0.403811 0.564533 0.029134 0.028344
0 0.561874 0.524778 0.017616 0.021412
0 0.956012 0.381708 0.018688 0.011969
0 0.134736 0.299814 0.021055 0.014042
0 0.502434 0.393352 0.026928 0.029746
0 0.935750 0.319558 0.013588 0.014058
0 0.912855 0.369979 0.082459 0.070893
0 0.868801 0.358022 0.069516 0.051447
0 0.123800 0.342456 0.019146 0.012932
0 0.844575 0.302563 0.029555 0.036370
0 0.820842 0.421657 0.029235 0.033535
0 0.798664 0.568869 0.014831 0.051750
0 0.787658 0.443965 0.030718 0.032808
0 0.767141 0.354158 0.027821 0.033511
0 0.943209 0.238909 0.034478 0.038142
0 0.837917 0.430188 0.009664 0.014248
0 0.969535 0.297861 0.032782 0.030690