0 0.802228 0.660244 0.022203 0.044323
0 0.787798 0.608811 0.017631 0.019104
0 0.313861 0.466511 0.017611 0.014664
0 0.943753 0.236088 0.026085 0.030264
0 0.707065 0.689970 0.034439 0.037437
0 0.843392 0.438186 0.018721 0.015450
0 0.490125 0.669307 0.012499 0.013466
0 0.805595 0.472074 0.017037 0.016242
0 0.429611 0.396062 0.030985 0.022966
0 0.918573 0.221139 0.023545 0.026603
0 0.811174 0.290628 0.023648 0.024523
0 0.364245 0.855026 0.021234 0.016510
0 0.181548 0.370852 0.024660 0.033350
0 0.713255 0.634486 0.025020 0.028513
0 0.907098 0.258485 0.031111 0.035800
0 0.762644 0.415962 0.079705 0.069763
0 0.338855 0.449273 0.015592 0.012183
0 0.862150 0.393223 0.091355 0.067121
0 0.732985 0.346137 0.025491 0.020382
0 0.501924 0.401401 0.025839 0.026518
0 0.838784 0.368739 0.063467 0.045833
0 0.257931 0.721416 0.025931 0.032731
0 0.951751 0.166380 0.010219 0.014923
0 0.322779 0.687016 0.011770 0.012194
0 0.190033 0.334914 0.015982 0.014666
0 0.396484 0.676264 0.018173 0.012929
0 0.414469 0.812704 0.012046 0.013884
0 0.744863 0.365086 0.025018 0.031325
0 0.898944 0.331486 0.029737 0.030023
0 0.170202 0.984621 0.025000 0.030018