0 0.927799 0.884793 0.035995 0.050215
0 0.235798 0.784678 0.043518 0.041753
0 0.506176 0.742529 0.015684 0.016581
0 0.985130 0.419312 0.016026 0.013679
0 0.876540 0.382010 0.113502 0.096046
0 0.833049 0.281071 0.035243 0.035299
0 0.757137 0.791411 0.035693 0.049840
0 0.916706 0.935382 0.025473 0.039753
0 0.788492 0.726947 0.014157 0.024537
0 0.851689 0.311492 0.035844 0.041902
0 0.335658 0.698968 0.015863 0.017239
0 0.504105 0.360538 0.035938 0.038996
0 0.887829 0.635017 0.021808 0.064529
0 0.785767 0.316125 0.051135 0.042846
0 0.903585 0.564544 0.014339 0.028979
0 0.536933 0.347680 0.045934 0.050006
0 0.577497 0.536793 0.024427 0.017480
0 0.901721 0.279048 0.040787 0.042830
0 0.614745 0.624946 0.014153 0.015331
0 0.954070 0.244540 0.040829 0.045953
0 0.755594 0.063604 0.042307 0.126703
0 0.402066 0.349367 0.046283 0.031012
0 0.966448 0.323949 0.053280 0.050899
0 0.904755 0.301064 0.015782 0.015263
0 0.950158 0.200391 0.045145 0.046339
0 0.878901 0.425906 0.039741 0.038525
0 0.796232 0.426481 0.039437 0.041113