0 0.255704 0.773805 0.036672 0.039802
0 0.912750 0.866039 0.037639 0.053691
0 0.582966 0.605895 0.020258 0.016426
0 0.360606 0.698524 0.016188 0.017357
0 0.775596 0.712230 0.024050 0.018804
0 0.891443 0.617178 0.019323 0.065656
0 0.981215 0.932008 0.014425 0.021646
0 0.537306 0.754849 0.017068 0.016641
0 0.905425 0.920867 0.025367 0.038489
0 0.503924 0.358322 0.035492 0.041188
0 0.537558 0.345624 0.046546 0.050872
0 0.546244 0.521724 0.010959 0.014803
0 0.960735 0.241453 0.041904 0.046578
0 0.837638 0.277228 0.036110 0.036658
0 0.926026 0.496013 0.016070 0.013740
0 0.512970 0.922610 0.024812 0.062260
0 0.681559 0.936600 0.019756 0.026130
0 0.920602 0.292657 0.015858 0.014808
0 0.731546 0.509339 0.021921 0.025932
0 0.856767 0.308829 0.037011 0.042618
0 0.909182 0.538970 0.014493 0.031048
0 0.881781 0.380977 0.116304 0.096526