0 0.192644 0.775081 0.035524 0.033588
0 0.793515 0.786123 0.024129 0.036560
0 0.825711 0.719621 0.023760 0.040101
0 0.487626 0.683682 0.018085 0.009783
0 0.284165 0.445624 0.024531 0.029390
0 0.294041 0.732275 0.015758 0.012532
0 0.991295 0.328306 0.017190 0.024669
0 0.922339 0.248415 0.025011 0.029694
0 0.356587 0.388955 0.042760 0.034312
0 0.833193 0.400360 0.069874 0.063757
0 0.783473 0.726147 0.015075 0.023480
0 0.514267 0.402126 0.049308 0.036606
0 0.096876 0.302436 0.015976 0.014174
0 0.233053 0.729127 0.014735 0.013149
0 0.947521 0.257935 0.013942 0.015270
0 0.302868 0.419129 0.016213 0.010748
0 0.076697 0.206668 0.020164 0.018393
0 0.672352 0.692346 0.024436 0.032011
0 0.887566 0.270013 0.029622 0.033698
0 0.466179 0.515396 0.015847 0.011012
0 0.849113 0.301268 0.014752 0.020924
0 0.433001 0.400663 0.028914 0.020619
0 0.941488 0.849972 0.017623 0.018674
0 0.803702 0.690373 0.008747 0.016593
0 0.418558 0.798207 0.012141 0.014485
0 0.871905 0.344210 0.028148 0.027365
0 0.413997 0.869190 0.016544 0.011159
0 0.767173 0.348595 0.028093 0.032867