0 0.543779 0.246175 0.122772 0.093474
0 0.979726 0.878833 0.040390 0.068621
0 0.924408 0.912151 0.084609 0.078313
0 0.902576 0.199334 0.020880 0.042649
0 0.689827 0.778295 0.062098 0.066035
0 0.455040 0.935206 0.022127 0.022766
0 0.836487 0.661851 0.044428 0.052437
0 0.226595 0.469710 0.069482 0.065172
0 0.986222 0.251044 0.027318 0.053842
0 0.967996 0.193474 0.063497 0.072975
0 0.335631 0.242213 0.062570 0.049730
0 0.830529 0.293247 0.026267 0.024584
0 0.809896 0.219552 0.028208 0.031990
0 0.986301 0.463546 0.027251 0.046652
0 0.511555 0.260838 0.058018 0.063175
0 0.792620 0.208930 0.023058 0.026835
0 0.592577 0.318790 0.031842 0.036425
0 0.592694 0.343783 0.017931 0.018680
0 0.294126 0.594601 0.063309 0.065657
0 0.359885 0.546043 0.065846 0.045268
0 0.133428 0.196493 0.119186 0.102272
0 0.862076 0.196624 0.024266 0.022667
0 0.980766 0.385255 0.038197 0.054433
0 0.690063 0.179037 0.013273 0.029706
0 0.928410 0.976876 0.058377 0.045729
0 0.837966 0.269899 0.021704 0.028566
0 0.826581 0.252838 0.038141 0.027237
0 0.683846 0.184931 0.025151 0.040821