0 0.975047 0.340243 0.033202 0.028538
0 0.809959 0.807760 0.024045 0.036723
0 0.831451 0.732424 0.023831 0.040004
0 0.305295 0.457890 0.026794 0.028256
0 0.327432 0.427973 0.019254 0.017273
0 0.118842 0.324318 0.016035 0.014051
0 0.175795 0.785766 0.023513 0.031890
0 0.491130 0.529530 0.014947 0.010971
0 0.358203 0.393560 0.043164 0.038897
0 0.918603 0.250895 0.024664 0.029926
0 0.475309 0.680152 0.018462 0.010814
0 0.450310 0.523570 0.015837 0.011030
0 0.932980 0.268031 0.015114 0.016070
0 0.895089 0.236670 0.020214 0.023687
0 0.967727 0.263005 0.010252 0.009745
0 0.365456 0.686373 0.011603 0.012105
0 0.810995 0.680027 0.018217 0.017956
0 0.883687 0.271704 0.029755 0.033243
0 0.746678 0.420685 0.072982 0.064365
0 0.829470 0.402196 0.068992 0.062165
0 0.191697 0.528930 0.013306 0.030107
0 0.502202 0.407723 0.025069 0.026270
0 0.524972 0.400478 0.026727 0.030002
0 0.761409 0.564500 0.006005 0.017975
0 0.942926 0.853812 0.016134 0.025052
0 0.193993 0.535308 0.008232 0.019036
0 0.433138 0.401552 0.027614 0.019673
0 0.671051 0.690589 0.023511 0.031510