0 0.381267 0.743626 0.041396 0.035602
0 0.824051 0.765241 0.038403 0.056593
0 0.910957 0.372117 0.125731 0.104993
0 0.496300 0.733494 0.017286 0.016822
0 0.981201 0.447356 0.019557 0.021471
0 0.990667 0.980559 0.018571 0.038194
0 0.393942 0.512112 0.027083 0.017235
0 0.155591 0.970891 0.063219 0.057791
0 0.503633 0.346145 0.038605 0.042046
0 0.867468 0.260749 0.048082 0.040953
0 0.775947 0.767120 0.014801 0.018232
0 0.847171 0.842387 0.037140 0.040374
0 0.936812 0.516241 0.038166 0.066562
0 0.545669 0.333781 0.038186 0.054349
0 0.883365 0.294550 0.039714 0.045829
0 0.694275 0.867129 0.015615 0.019026
0 0.259834 0.311279 0.074009 0.062507
0 0.407530 0.456895 0.026646 0.016709
0 0.938167 0.258293 0.046086 0.048434
0 0.986084 0.226118 0.027622 0.041124
0 0.465554 0.952713 0.021229 0.072623
0 0.879529 0.788518 0.015368 0.021694
0 0.963388 0.390625 0.044550 0.046107
0 0.804060 0.298955 0.039625 0.047686
0 0.836144 0.331080 0.056045 0.046472
0 0.914652 0.420903 0.045697 0.044217
0 0.653574 0.630233 0.026527 0.017676
0 0.646984 0.629640 0.012569 0.015699
0 0.780758 0.822255 0.038805 0.044846
0 0.391891 0.334680 0.050036 0.033729
0 0.989772 0.317561 0.020319 0.040572