0 0.798082 0.975112 0.066938 0.049348
0 0.554264 0.607909 0.044783 0.047265
0 0.221012 0.940279 0.034846 0.020861
0 0.971030 0.254291 0.050005 0.055421
0 0.945355 0.211534 0.048096 0.052997
0 0.715713 0.759017 0.056942 0.054308
0 0.976219 0.968317 0.047264 0.062635
0 0.569050 0.383147 0.014725 0.015049
0 0.632132 0.677868 0.043901 0.039754
0 0.963461 0.368058 0.072770 0.091905
0 0.904162 0.297105 0.053330 0.058213
0 0.503970 0.314787 0.046833 0.052347
0 0.513749 0.957482 0.246507 0.084465
0 0.361485 0.299113 0.050441 0.038818
0 0.379922 0.539311 0.019864 0.018292
0 0.881785 0.260025 0.067197 0.060434
0 0.245737 0.445659 0.015737 0.017068
0 0.201885 0.263981 0.093225 0.072813
0 0.896404 0.407803 0.054530 0.055155
0 0.748048 0.328034 0.017124 0.024135
0 0.745610 0.279689 0.021615 0.026446
0 0.845806 0.900614 0.049529 0.054966
0 0.786598 0.261593 0.017402 0.018132
0 0.555592 0.297969 0.047654 0.065026
0 0.827429 0.551674 0.026235 0.036994
0 0.806926 0.520197 0.035478 0.039810