0 0.987036 0.931060 0.025799 0.049052
0 0.893300 0.384169 0.018335 0.013269
0 0.878051 0.412077 0.012747 0.014950
0 0.848174 0.432664 0.014300 0.013333
0 0.403155 0.855620 0.013963 0.016504
0 0.890498 0.814471 0.016807 0.015902
0 0.444829 0.539552 0.032634 0.030110
0 0.042002 0.916403 0.020556 0.016192
0 0.958070 0.348262 0.083425 0.075857
0 0.816144 0.523425 0.026158 0.057698
0 0.477005 0.678895 0.029084 0.026123
0 0.909801 0.731016 0.016753 0.014166
0 0.845351 0.474524 0.011262 0.014867
0 0.860613 0.294698 0.031592 0.036666
0 0.518043 0.382637 0.058774 0.042979
0 0.905992 0.342428 0.033371 0.032654
0 0.022833 0.253481 0.020957 0.016049
0 0.418589 0.380177 0.030648 0.022416
0 0.977734 0.296072 0.011775 0.011094
0 0.964148 0.227349 0.036683 0.039057
0 0.661718 0.787278 0.013541 0.014938
0 0.835934 0.418059 0.030502 0.033251
0 0.202580 0.357133 0.020942 0.015368
0 0.869981 0.357434 0.040184 0.042916
0 0.819421 0.322229 0.031661 0.031832
0 0.744323 0.374997 0.041371 0.033925
0 0.029993 0.179170 0.019651 0.016888
0 0.801659 0.440519 0.032218 0.033593
0 0.766038 0.325744 0.031484 0.024020
0 0.558270 0.715084 0.010290 0.014737
0 0.798429 0.405044 0.088777 0.077393
0 0.735110 0.439710 0.031227 0.033282
0 0.783701 0.348394 0.036905 0.037193
0 0.128867 0.529898 0.018895 0.039380
0 0.681365 0.506081 0.016452 0.022787