0 0.529406 0.310709 0.095314 0.073057
0 0.719521 0.911295 0.065880 0.060163
0 0.955728 0.367995 0.088149 0.099742
0 0.672822 0.703433 0.035609 0.039557
0 0.566869 0.385842 0.016812 0.016961
0 0.326088 0.481998 0.017455 0.017228
0 0.860367 0.267369 0.048842 0.056162
0 0.954693 0.263234 0.048427 0.053747
0 0.793906 0.520063 0.028905 0.037007
0 0.889445 0.304367 0.050443 0.055291
0 0.929387 0.223106 0.045283 0.048628
0 0.607514 0.628054 0.042784 0.046719
0 0.810808 0.548549 0.025845 0.038597
0 0.775761 0.788032 0.049468 0.056257
0 0.504749 0.321783 0.045208 0.049490
0 0.723399 0.279144 0.017938 0.019817
0 0.367086 0.306919 0.048984 0.036538
0 0.570129 0.375661 0.024372 0.036714
0 0.130742 0.157530 0.260935 0.314519
0 0.777479 0.269200 0.020723 0.018211
0 0.896981 0.304721 0.065737 0.055923
0 0.214483 0.276039 0.090018 0.074299
0 0.830938 0.885822 0.045079 0.054196
0 0.996046 0.231544 0.007736 0.032047
0 0.710651 0.911117 0.047688 0.059377