0 0.889430 0.894077 0.078083 0.079000
0 0.966028 0.863129 0.067626 0.079782
0 0.795622 0.631578 0.042977 0.052554
0 0.920447 0.169079 0.024875 0.041244
0 0.182653 0.450287 0.069302 0.064453
0 0.660105 0.766006 0.076996 0.066456
0 0.331943 0.235774 0.064228 0.049915
0 0.243454 0.573974 0.065000 0.067480
0 0.511684 0.255520 0.059379 0.065862
0 0.991232 0.246112 0.017227 0.052212
0 0.482772 0.948087 0.023594 0.024775
0 0.798798 0.202831 0.024684 0.027743
0 0.873878 0.186125 0.023169 0.023079
0 0.587069 0.318905 0.025036 0.029849
0 0.694090 0.168573 0.016241 0.029173
0 0.817593 0.213046 0.028754 0.032175
0 0.323734 0.533442 0.066364 0.046929
0 0.873225 0.224992 0.028249 0.027957
0 0.827421 0.246744 0.023478 0.028658
0 0.972887 0.188463 0.053728 0.073056
0 0.991941 0.464171 0.015900 0.045245
0 0.855547 0.218525 0.033867 0.028313
0 0.687672 0.177577 0.028890 0.046514
0 0.843627 0.291639 0.028324 0.023294
0 0.595324 0.338263 0.022078 0.021112
0 0.267709 0.260488 0.012424 0.014828
0 0.986225 0.383388 0.027290 0.051683
0 0.243352 0.200756 0.065583 0.043015
0 0.124287 0.186211 0.122665 0.099268
0 0.577162 0.234526 0.061779 0.085141