0 0.948608 0.931053 0.073502 0.078897
0 0.262898 0.488368 0.058646 0.060265
0 0.920932 0.972036 0.063817 0.055596
0 0.344557 0.614792 0.062663 0.063514
0 0.725435 0.791855 0.062315 0.066057
0 0.962606 0.201775 0.073971 0.071540
0 0.883028 0.694943 0.058164 0.055233
0 0.510847 0.267422 0.056706 0.063060
0 0.591251 0.325908 0.028254 0.030578
0 0.980282 0.254188 0.039154 0.059094
0 0.142489 0.202666 0.116023 0.094054
0 0.992876 0.891461 0.014188 0.048647
0 0.427855 0.925649 0.022300 0.024103
0 0.802451 0.226978 0.026631 0.031926
0 0.886023 0.229643 0.018728 0.043234
0 0.784878 0.217356 0.023588 0.026786
0 0.339691 0.248419 0.061442 0.048492
0 0.590530 0.347407 0.018207 0.019262
0 0.820364 0.292597 0.026463 0.032192
0 0.980923 0.464473 0.037842 0.046351
0 0.573379 0.247659 0.057992 0.081607
0 0.678875 0.194906 0.025903 0.044944
0 0.975375 0.383137 0.048942 0.062547
0 0.385571 0.558245 0.047827 0.043889
0 0.988898 0.505774 0.021549 0.023045
0 0.855676 0.238712 0.026919 0.024976