0 0.985572 0.967408 0.028693 0.049920
0 0.891215 0.699391 0.030483 0.059602
0 0.152075 0.834419 0.031204 0.039201
0 0.070979 0.331800 0.037631 0.047661
0 0.741925 0.711916 0.020789 0.016896
0 0.943834 0.395186 0.012919 0.015965
0 0.985789 0.381870 0.028164 0.044057
0 0.245429 0.723096 0.026574 0.020813
0 0.922830 0.449830 0.021489 0.014287
0 0.912460 0.663391 0.012676 0.019614
0 0.880937 0.579170 0.010746 0.016769
0 0.855617 0.388942 0.107366 0.090856
0 0.941124 0.333360 0.050064 0.049150
0 0.403447 0.357170 0.036169 0.027096
0 0.984975 0.313432 0.029758 0.035028
0 0.504016 0.367693 0.034267 0.038404
0 0.899904 0.404948 0.037303 0.039134
0 0.815860 0.293492 0.035480 0.032121
0 0.521603 0.359445 0.069964 0.055419
0 0.859004 0.430040 0.038008 0.038672
0 0.391959 0.726722 0.026913 0.016276
0 0.929138 0.256926 0.038386 0.044159
0 0.926112 0.216528 0.042071 0.042219
0 0.837351 0.321138 0.044148 0.039618
0 0.098290 0.239139 0.044925 0.064993
0 0.880160 0.290847 0.038184 0.040456
0 0.779719 0.429148 0.036462 0.038772
0 0.716899 0.508870 0.022966 0.026101
0 0.770416 0.325116 0.047721 0.039736
0 0.801710 0.939904 0.036558 0.053675
0 0.156739 0.634491 0.027923 0.027529
0 0.791433 0.351976 0.050243 0.041663
0 0.627917 0.898917 0.012500 0.020597
0 0.859359 0.805987 0.012103 0.018898
0 0.743507 0.775858 0.033269 0.042856