0 0.793942 0.603336 0.018402 0.049565
0 0.621648 0.561198 0.017409 0.021860
0 0.081983 0.271974 0.028298 0.037854
0 0.341343 0.683239 0.027534 0.027895
0 0.605913 0.616494 0.028570 0.032837
0 0.937328 0.313370 0.030984 0.030642
0 0.498498 0.673402 0.010985 0.011227
0 0.470424 0.580267 0.032728 0.026281
0 0.745439 0.337966 0.028437 0.022593
0 0.885481 0.381955 0.080086 0.070181
0 0.501801 0.396470 0.026108 0.030004
0 0.923761 0.788321 0.017899 0.011497
0 0.529221 0.387291 0.028028 0.033999
0 0.967419 0.223111 0.027424 0.033329
0 0.828318 0.279462 0.025230 0.027893
0 0.416255 0.674175 0.009930 0.012051
0 0.940346 0.207505 0.025672 0.028603
0 0.690360 0.713245 0.027090 0.033799
0 0.426100 0.388873 0.032617 0.022201
0 0.775188 0.411178 0.081365 0.071134
0 0.890016 0.415988 0.019381 0.012868
0 0.832968 0.309057 0.028958 0.033470
0 0.858494 0.362429 0.070702 0.050154
0 0.810614 0.423524 0.027844 0.031769
0 0.425141 0.259938 0.021341 0.019756
0 0.666119 0.505461 0.013475 0.019607
0 0.757915 0.358663 0.025797 0.031143
0 0.709824 0.362502 0.036928 0.031889
0 0.291330 0.406792 0.018972 0.011380
0 0.453032 0.433683 0.013160 0.012093
0 0.602748 0.722017 0.022967 0.016307