0 0.963299 0.875399 0.029754 0.047947
0 0.886442 0.415201 0.025757 0.015109
0 0.914378 0.426269 0.020328 0.012730
0 0.916127 0.392028 0.014774 0.014779
0 0.877554 0.450458 0.011154 0.013024
0 0.930977 0.362625 0.018158 0.012464
0 0.980224 0.337766 0.039347 0.051154
0 0.518419 0.377787 0.061260 0.046794
0 0.418420 0.375127 0.036575 0.024836
0 0.239625 0.508034 0.034825 0.035426
0 0.873410 0.286278 0.033362 0.038149
0 0.980568 0.218624 0.037763 0.042830
0 0.830311 0.315766 0.032912 0.034206
0 0.788991 0.342840 0.029102 0.035603
0 0.847015 0.483878 0.040822 0.047359
0 0.919668 0.336678 0.034821 0.033622
0 0.809086 0.401022 0.091751 0.080301
0 0.368215 0.508505 0.032017 0.030106
0 0.847819 0.415468 0.032094 0.034143
0 0.752716 0.369909 0.041743 0.035149
0 0.775319 0.318975 0.032052 0.026098
0 0.161020 0.325857 0.021863 0.016762
0 0.735430 0.345957 0.041657 0.036259
0 0.883417 0.351577 0.042497 0.044326
0 0.621904 0.764549 0.013679 0.016943
0 0.868982 0.252904 0.032755 0.033295
0 0.812052 0.440444 0.033047 0.039442
0 0.976332 0.244226 0.011984 0.012933
0 0.503412 0.384031 0.031058 0.033049
0 0.511273 0.841037 0.021264 0.052981