0 0.974133 0.881305 0.051462 0.076909
0 0.729064 0.815941 0.071909 0.069463
0 0.603440 0.518588 0.040604 0.047315
0 0.819249 0.772778 0.066342 0.073375
0 0.025601 0.370356 0.050920 0.066181
0 0.488630 0.710568 0.064275 0.063647
0 0.546456 0.232321 0.129501 0.099859
0 0.054479 0.482169 0.071753 0.072353
0 0.984239 0.094069 0.031019 0.026303
0 0.326824 0.226796 0.066288 0.053787
0 0.979818 0.183980 0.040187 0.065745
0 0.175344 0.478201 0.048140 0.047142
0 0.913880 0.158193 0.023524 0.024650
0 0.928041 0.758616 0.026349 0.029264
0 0.598171 0.312612 0.030463 0.028737
0 0.595136 0.972999 0.044911 0.053315
0 0.699330 0.159955 0.016737 0.028571
0 0.808424 0.194681 0.024407 0.026568
0 0.827329 0.205134 0.029381 0.032842
0 0.857867 0.286096 0.027059 0.024857
0 0.854099 0.262161 0.022653 0.026536
0 0.882928 0.218074 0.027143 0.026747
0 0.954285 0.292438 0.029700 0.022327
0 0.512425 0.247563 0.061187 0.067987
0 0.987548 0.593021 0.022372 0.028196
0 0.912447 0.319843 0.028758 0.021922
0 0.993407 0.383031 0.012900 0.048652
0 0.632773 0.013000 0.029879 0.025469