0 0.899092 0.729720 0.030312 0.055976
0 0.114116 0.862279 0.030714 0.039399
0 0.849184 0.431300 0.036852 0.037247
0 0.974402 0.316919 0.038236 0.037531
0 0.893264 0.465630 0.021094 0.015131
0 0.845771 0.391085 0.104688 0.088619
0 0.503349 0.371545 0.035165 0.038123
0 0.958800 0.400669 0.037650 0.045292
0 0.869711 0.294578 0.037380 0.039742
0 0.823795 0.325075 0.033679 0.039107
0 0.747036 0.878988 0.034616 0.050245
0 0.127749 0.377329 0.036892 0.043754
0 0.520211 0.363623 0.069319 0.054997
0 0.334410 0.736037 0.026268 0.016079
0 0.892229 0.845187 0.012050 0.017737
0 0.810542 0.298111 0.041016 0.031836
0 0.256152 0.589199 0.034451 0.036352
0 0.405599 0.361219 0.035259 0.027945
0 0.915032 0.412735 0.012117 0.014272
0 0.877929 0.609967 0.009897 0.014111
0 0.928864 0.337066 0.048227 0.048057
0 0.711825 0.625987 0.022831 0.017174
0 0.790322 0.759424 0.017050 0.018194
0 0.932942 0.713243 0.021318 0.024683
0 0.108639 0.247230 0.043043 0.062726
0 0.199257 0.746154 0.028890 0.017970
0 0.082731 0.511607 0.013417 0.014649
0 0.929696 0.715264 0.013436 0.020142
0 0.533674 0.359610 0.042005 0.045936
0 0.168678 0.630604 0.021581 0.022984
0 0.772382 0.430878 0.035865 0.037198
0 0.192253 0.746142 0.014721 0.016379
0 0.736848 0.766723 0.032242 0.045332
0 0.510162 0.881505 0.018596 0.058018
0 0.917587 0.263641 0.037272 0.041293
0 0.889002 0.406983 0.035503 0.038729
0 0.741513 0.128495 0.022563 0.050473
0 0.914502 0.224168 0.040029 0.039942
0 0.176201 0.351010 0.024052 0.025826
0 0.010755 0.345202 0.021364 0.046054
0 0.827854 0.325470 0.042988 0.039674