0 0.991015 0.946712 0.017751 0.038637
0 0.852026 0.460534 0.019284 0.013591
0 0.880785 0.391036 0.014359 0.012866
0 0.338171 0.546229 0.037598 0.029522
0 0.866120 0.417708 0.012669 0.014609
0 0.470443 0.550287 0.033696 0.030731
0 0.946509 0.355984 0.087012 0.075967
0 0.813935 0.532137 0.029133 0.054186
0 0.456579 0.674847 0.028808 0.024558
0 0.835045 0.483442 0.011937 0.016345
0 0.504673 0.389259 0.031630 0.031027
0 0.762279 0.327440 0.028830 0.023803
0 0.056093 0.210350 0.019606 0.018268
0 0.419359 0.382329 0.029680 0.023702
0 0.330265 0.368933 0.049913 0.044734
0 0.843918 0.436450 0.023770 0.014635
0 0.636017 0.767197 0.014002 0.014095
0 0.958707 0.229875 0.036040 0.039930
0 0.993141 0.307392 0.013009 0.011282
0 0.857065 0.296702 0.032513 0.037807
0 0.133392 0.529878 0.019757 0.041033
0 0.496226 0.435469 0.017941 0.015081
0 0.794927 0.406213 0.087822 0.075769
0 0.724607 0.353800 0.039733 0.034448
0 0.831963 0.419322 0.030285 0.033398
0 0.955518 0.302786 0.011708 0.010763
0 0.881460 0.354008 0.072518 0.052134
0 0.216679 0.365940 0.021125 0.015640
0 0.903507 0.832584 0.017369 0.015261
0 0.678957 0.505869 0.016372 0.022524