0 0.120218 0.314547 0.024889 0.034895
0 0.871233 0.387004 0.077799 0.067179
0 0.261197 0.404893 0.017348 0.012151
0 0.308392 0.696795 0.030618 0.030028
0 0.919777 0.321784 0.030714 0.030409
0 0.851614 0.436817 0.017836 0.012998
0 0.794511 0.625360 0.019987 0.045120
0 0.502100 0.398935 0.026384 0.029405
0 0.649367 0.643823 0.029312 0.032896
0 0.509948 0.589792 0.027955 0.026677
0 0.529074 0.390039 0.025933 0.033370
0 0.957937 0.228472 0.026865 0.033027
0 0.851768 0.364734 0.068954 0.047658
0 0.658663 0.590267 0.015198 0.021699
0 0.826042 0.313444 0.028402 0.033898
0 0.821596 0.284424 0.024129 0.026489
0 0.752506 0.362685 0.025180 0.033508
0 0.931739 0.212363 0.025101 0.029229
0 0.426502 0.391497 0.029316 0.021280
0 0.377860 0.676505 0.010997 0.012663
0 0.965754 0.155936 0.011096 0.013951
0 0.769197 0.412814 0.079854 0.069154
0 0.919947 0.251728 0.032675 0.036551
0 0.280152 0.587048 0.018817 0.017133
0 0.969345 0.185761 0.033515 0.031964
0 0.901532 0.406955 0.018714 0.013480
0 0.196838 0.309174 0.038681 0.053216
0 0.244290 0.431426 0.017448 0.011684
0 0.120413 0.268582 0.010650 0.012400