0 0.189863 0.808622 0.036389 0.042139
0 0.959652 0.926913 0.035308 0.049238
0 0.446466 0.728855 0.016686 0.016200
0 0.902525 0.615480 0.016070 0.026461
0 0.887036 0.668098 0.027144 0.061859
0 0.285730 0.706864 0.015568 0.017997
0 0.975349 0.378986 0.014098 0.015497
0 0.015069 0.277505 0.029847 0.049742
0 0.937949 0.965680 0.023774 0.034893
0 0.868988 0.428016 0.038946 0.038150
0 0.953529 0.329153 0.051843 0.050853
0 0.941297 0.251235 0.039249 0.044203
0 0.503735 0.364527 0.034108 0.039948
0 0.751136 0.785514 0.034610 0.043057
0 0.678980 0.666497 0.012730 0.016383
0 0.891126 0.285113 0.039620 0.042058
0 0.841950 0.315905 0.035211 0.040722
0 0.911345 0.402665 0.038212 0.039690
0 0.622800 0.566174 0.013400 0.014509
0 0.522747 0.356369 0.072294 0.056737
0 0.865856 0.385483 0.109916 0.093315
0 0.787943 0.428156 0.038301 0.039635
0 0.951447 0.433824 0.014942 0.013330
0 0.981919 0.989451 0.013681 0.020097
0 0.823249 0.287124 0.032812 0.032591
0 0.723491 0.509213 0.024627 0.024238
0 0.938147 0.207986 0.043827 0.045182
0 0.402383 0.353302 0.039997 0.028168