0 0.337683 0.476379 0.015732 0.014166
0 0.849447 0.394820 0.074296 0.065082
0 0.468795 0.666032 0.010333 0.012489
0 0.794562 0.485305 0.015507 0.016236
0 0.242959 0.732661 0.026149 0.031474
0 0.790369 0.622673 0.016115 0.021866
0 0.730016 0.347431 0.024847 0.021221
0 0.806931 0.671733 0.024604 0.043377
0 0.720545 0.707248 0.034237 0.036400
0 0.939606 0.239058 0.025659 0.030979
0 0.826882 0.448578 0.017908 0.013782
0 0.501948 0.402499 0.025362 0.025978
0 0.622637 0.378979 0.015087 0.013650
0 0.430452 0.397335 0.031091 0.022778
0 0.306290 0.693921 0.016030 0.013501
0 0.742445 0.367118 0.024815 0.032229
0 0.975267 0.038841 0.028073 0.036608
0 0.375704 0.682815 0.019253 0.013052
0 0.586217 0.611580 0.026825 0.027468
0 0.892918 0.334440 0.029347 0.028499
0 0.947553 0.169191 0.010619 0.013891
0 0.415654 0.809846 0.011292 0.012570
0 0.808128 0.293231 0.024532 0.024558
0 0.364302 0.462473 0.015701 0.011036
0 0.902948 0.260275 0.030730 0.034403
0 0.173453 0.982476 0.024184 0.034027
0 0.680046 0.699869 0.026775 0.033026
0 0.202989 0.387859 0.027007 0.032068
0 0.835634 0.370597 0.062618 0.045176
0 0.372436 0.429859 0.017709 0.011398
0 0.351297 0.383077 0.044984 0.034099