0 0.529041 0.313658 0.093481 0.071033
0 0.672746 0.880319 0.046974 0.058798
0 0.511909 0.588640 0.014105 0.016730
0 0.952216 0.368381 0.095258 0.102291
0 0.946525 0.266193 0.047526 0.052632
0 0.633550 0.638638 0.043529 0.048013
0 0.875783 0.411689 0.051283 0.051678
0 0.361583 0.497773 0.016191 0.016848
0 0.633703 0.589007 0.019088 0.017745
0 0.853696 0.271640 0.047066 0.056597
0 0.987376 0.277692 0.023558 0.021221
0 0.882662 0.306949 0.049520 0.054964
0 0.922421 0.226015 0.045561 0.050036
0 0.504623 0.324501 0.044234 0.048893
0 0.566074 0.386987 0.015026 0.015808
0 0.987983 0.662439 0.023538 0.085300
0 0.801999 0.802188 0.052516 0.062800
0 0.977478 0.411154 0.044629 0.049240
0 0.842743 0.013322 0.022581 0.026584
0 0.369690 0.310518 0.047758 0.036879
0 0.890729 0.471101 0.062890 0.049923
0 0.219885 0.278348 0.087404 0.069900
0 0.771278 0.272968 0.015279 0.016974
0 0.826780 0.877904 0.046051 0.053123
0 0.698701 0.716097 0.044657 0.040441
0 0.991214 0.306781 0.017336 0.021179
0 0.991492 0.234965 0.016788 0.034982