0 0.758272 0.946225 0.067047 0.064321
0 0.581241 0.617390 0.043472 0.047708
0 0.962538 0.258429 0.048934 0.055588
0 0.650251 0.690695 0.033995 0.038862
0 0.937803 0.216715 0.047974 0.052120
0 0.746843 0.772870 0.053266 0.055078
0 0.568448 0.384522 0.015915 0.014702
0 0.434668 0.556594 0.035878 0.021252
0 0.559571 0.563080 0.030008 0.017082
0 0.889373 0.409575 0.053137 0.052783
0 0.801695 0.519477 0.034704 0.036919
0 0.988600 0.984170 0.022420 0.031007
0 0.959485 0.367865 0.080727 0.094669
0 0.504068 0.318064 0.045963 0.052100
0 0.866484 0.262720 0.048751 0.058207
0 0.742043 0.235236 0.027959 0.040152
0 0.374294 0.303566 0.069721 0.039702
0 0.293960 0.463652 0.030329 0.017622
0 0.857428 0.575356 0.016151 0.021501
0 0.740885 0.283641 0.020497 0.024916
0 0.555010 0.301518 0.046353 0.064702
0 0.207845 0.270963 0.090775 0.076424
0 0.985625 0.413142 0.028532 0.043262
0 0.782299 0.265461 0.021044 0.018950
0 0.782654 0.351414 0.017899 0.028931
0 0.896747 0.301226 0.051591 0.054278
0 0.744919 0.331086 0.017328 0.022470