0 0.566103 0.802336 0.044189 0.050027
0 0.703884 0.675464 0.041185 0.049168
0 0.748967 0.754580 0.031275 0.038566
0 0.981259 0.741426 0.035229 0.079733
0 0.809582 0.857481 0.042585 0.051496
0 0.876734 0.859005 0.051364 0.061705
0 0.690207 0.872878 0.019217 0.023076
0 0.900047 0.237722 0.042183 0.048470
0 0.941651 0.364338 0.116232 0.114495
0 0.736524 0.646311 0.025948 0.019879
0 0.376276 0.318804 0.045465 0.034410
0 0.504107 0.332966 0.042215 0.046821
0 0.923188 0.276353 0.044359 0.050564
0 0.550305 0.317930 0.043153 0.058485
0 0.956323 0.414400 0.049334 0.048643
0 0.979024 0.237081 0.041510 0.053406
0 0.843577 0.280948 0.060722 0.052536
0 0.856253 0.414405 0.048105 0.048202
0 0.472687 0.544422 0.030487 0.019385
0 0.137852 0.161909 0.274805 0.322108
0 0.111013 0.383321 0.020975 0.017266
0 0.617078 0.637339 0.016719 0.020075