0 0.975564 0.397046 0.021383 0.014693
0 0.979759 0.336781 0.015843 0.013188
0 0.925391 0.392100 0.017493 0.016457
0 0.937655 0.825619 0.031310 0.048930
0 0.876373 0.455155 0.033263 0.043862
0 0.822819 0.437479 0.033629 0.037165
0 0.820407 0.398234 0.095937 0.082257
0 0.961080 0.370462 0.016285 0.015046
0 0.519108 0.373279 0.063058 0.048137
0 0.915971 0.430773 0.014231 0.014105
0 0.784243 0.313392 0.030667 0.027004
0 0.799489 0.337694 0.030375 0.035689
0 0.935714 0.331432 0.036092 0.035924
0 0.886649 0.279957 0.034896 0.039446
0 0.178516 0.808288 0.022731 0.015722
0 0.694545 0.506538 0.018020 0.024205
0 0.113785 0.511023 0.013381 0.013645
0 0.849084 0.444851 0.013254 0.014129
0 0.015764 0.955888 0.030298 0.042372
0 0.914512 0.341971 0.078832 0.057435
0 0.294311 0.474059 0.040435 0.035338
0 0.860264 0.412648 0.033061 0.036250
0 0.922530 0.921585 0.010999 0.016852
0 0.883295 0.244558 0.034291 0.035126
0 0.544324 0.420922 0.008892 0.009669
0 0.413593 0.370925 0.034491 0.025028
0 0.842909 0.309025 0.033589 0.036749
0 0.117251 0.289222 0.021513 0.016150
0 0.897050 0.347657 0.043920 0.045027
0 0.720533 0.748540 0.029418 0.038443
0 0.989218 0.211112 0.021393 0.035640
0 0.761973 0.366074 0.044046 0.039226
0 0.993124 0.891609 0.013211 0.019551