0 0.837326 0.470412 0.017244 0.012938
0 0.436681 0.672581 0.028653 0.023952
0 0.869444 0.397074 0.013367 0.012125
0 0.519643 0.504106 0.018306 0.021150
0 0.934264 0.361629 0.085711 0.072290
0 0.614091 0.747577 0.019941 0.012581
0 0.973824 0.312114 0.012560 0.011004
0 0.504014 0.390779 0.030546 0.031032
0 0.729889 0.440546 0.030836 0.032884
0 0.828456 0.420598 0.029633 0.033503
0 0.420553 0.383773 0.030461 0.023174
0 0.700427 0.725286 0.027662 0.038616
0 0.857318 0.421625 0.011808 0.015292
0 0.722471 0.355415 0.039789 0.034470
0 0.492564 0.560600 0.029599 0.030554
0 0.805236 0.543793 0.019313 0.055725
0 0.361843 0.552039 0.036720 0.029264
0 0.516454 0.693179 0.011006 0.012318
0 0.738586 0.378409 0.039945 0.033464
0 0.830010 0.438997 0.014342 0.013325
0 0.916339 0.850170 0.017826 0.016893
0 0.953484 0.232786 0.035444 0.038654
0 0.811746 0.324298 0.031291 0.036290
0 0.877215 0.354728 0.070733 0.052035