0 0.902870 0.373610 0.080807 0.069884
0 0.932408 0.393710 0.019752 0.012751
0 0.377886 0.674528 0.028424 0.026195
0 0.502167 0.394773 0.026703 0.030037
0 0.428778 0.570855 0.034629 0.026748
0 0.424324 0.386711 0.031794 0.022178
0 0.842774 0.412217 0.009595 0.012997
0 0.763516 0.355495 0.026405 0.032963
0 0.455658 0.678203 0.010723 0.012802
0 0.784029 0.443293 0.029726 0.031980
0 0.781768 0.410241 0.083762 0.072860
0 0.039227 0.225936 0.026926 0.038136
0 0.561361 0.591731 0.028906 0.032109
0 0.721848 0.442622 0.029395 0.030230
0 0.921301 0.322815 0.017368 0.014364
0 0.267136 0.394719 0.019829 0.011510
0 0.919384 0.772990 0.016802 0.011566
0 0.957886 0.304127 0.031757 0.030648
0 0.148288 0.362049 0.019325 0.012368
0 0.693668 0.715845 0.026884 0.034416
0 0.938173 0.241380 0.034306 0.037594
0 0.337778 0.373048 0.049221 0.038186
0 0.864778 0.358924 0.068711 0.052360
0 0.801585 0.330935 0.029835 0.032795
0 0.990640 0.361096 0.013432 0.011663