0 0.923460 0.396512 0.019349 0.012931
0 0.575640 0.706095 0.012107 0.014400
0 0.877733 0.384635 0.078139 0.068884
0 0.323743 0.689828 0.027002 0.028401
0 0.481828 0.670295 0.018824 0.012637
0 0.100726 0.293710 0.025945 0.036019
0 0.793834 0.614888 0.019629 0.048462
0 0.501886 0.398112 0.025877 0.028002
0 0.601779 0.746805 0.018083 0.011645
0 0.628393 0.629469 0.032275 0.032685
0 0.869801 0.426196 0.018560 0.012590
0 0.396589 0.674739 0.011310 0.012205
0 0.937137 0.209253 0.023395 0.026516
0 0.881785 0.283112 0.015535 0.023707
0 0.489091 0.584995 0.027537 0.026221
0 0.707861 0.363536 0.037415 0.031692
0 0.962455 0.225876 0.027870 0.031346
0 0.644342 0.575565 0.024518 0.023093
0 0.928207 0.318136 0.030615 0.030283
0 0.688579 0.711335 0.026047 0.034200
0 0.742330 0.339773 0.026583 0.022536
0 0.829439 0.310977 0.029014 0.034045
0 0.970818 0.283317 0.018349 0.013694
0 0.526224 0.389151 0.032107 0.035165
0 0.220403 0.415926 0.017672 0.011488
0 0.664873 0.504194 0.014511 0.019949
0 0.905045 0.231105 0.020794 0.025826
0 0.465315 0.497897 0.010098 0.015107
0 0.924055 0.249177 0.033038 0.037104
0 0.235848 0.388302 0.017605 0.011987
0 0.689022 0.204904 0.018883 0.038384
0 0.427440 0.390763 0.031951 0.022303
0 0.484102 0.750346 0.044355 0.035844