0 0.438425 0.680436 0.018249 0.011918
0 0.180445 0.381536 0.017982 0.013888
0 0.912360 0.377022 0.031066 0.027942
0 0.757982 0.577303 0.008730 0.021466
0 0.863574 0.880282 0.024601 0.037427
0 0.770507 0.614377 0.009689 0.019737
0 0.134673 0.824406 0.024478 0.034013
0 0.828988 0.722766 0.012998 0.016605
0 0.889829 0.240928 0.020980 0.024441
0 0.825354 0.403205 0.068276 0.062991
0 0.515952 0.550893 0.015611 0.010401
0 0.854761 0.779027 0.022766 0.039109
0 0.913478 0.254601 0.024873 0.030730
0 0.715601 0.357345 0.022051 0.019375
0 0.728194 0.376200 0.024025 0.031272
0 0.705790 0.688310 0.027257 0.036735
0 0.923546 0.216261 0.031182 0.027779
0 0.435157 0.405181 0.029522 0.022846
0 0.513836 0.405036 0.048372 0.037147
0 0.523730 0.401991 0.028301 0.030763
0 0.054879 0.261645 0.017364 0.013504
0 0.878616 0.275411 0.029047 0.032131
0 0.458535 0.443564 0.010502 0.010565
0 0.841369 0.305804 0.014729 0.021071
0 0.951017 0.058702 0.012755 0.016700
0 0.501980 0.410199 0.024969 0.026086
0 0.809264 0.916136 0.015636 0.025480
0 0.743547 0.421933 0.071944 0.063845
0 0.834236 0.404044 0.086311 0.062676
0 0.147189 0.269207 0.007439 0.010380
0 0.563282 0.571509 0.015035 0.011435
0 0.309645 0.721396 0.020054 0.012469
0 0.788880 0.306232 0.020664 0.022462
0 0.393305 0.468811 0.014637 0.009940
0 0.177666 0.330039 0.018207 0.014165
0 0.670296 0.690136 0.026224 0.029676
0 0.815370 0.378772 0.059509 0.044272