0 0.601135 0.824722 0.045247 0.053458
0 0.945132 0.366048 0.109331 0.109359
0 0.527790 0.320270 0.090655 0.071275
0 0.856900 0.839722 0.059209 0.059923
0 0.680757 0.661485 0.040748 0.049069
0 0.732241 0.741574 0.033470 0.039968
0 0.504108 0.330979 0.043110 0.048306
0 0.862560 0.413857 0.048657 0.049002
0 0.980334 0.716665 0.031558 0.082491
0 0.930952 0.273563 0.045519 0.050731
0 0.964210 0.413940 0.049639 0.050051
0 0.841700 0.277944 0.045250 0.053930
0 0.128771 0.968213 0.033346 0.021816
0 0.374039 0.315760 0.045592 0.035198
0 0.590556 0.620876 0.031952 0.020726
0 0.545922 0.315306 0.054527 0.061244
0 0.876654 0.313467 0.063242 0.053572
0 0.779174 0.516934 0.027101 0.032058
0 0.170194 0.352559 0.036040 0.022874
0 0.907769 0.234141 0.044503 0.049133
0 0.727792 0.907970 0.019670 0.023836
0 0.983051 0.239586 0.032874 0.040854
0 0.583764 0.620071 0.017897 0.017909
0 0.551122 0.314866 0.043925 0.060256
0 0.813456 0.863136 0.040527 0.052052
0 0.983118 0.232512 0.033368 0.056424
0 0.849766 0.278322 0.061758 0.054327