0 0.546208 0.232766 0.129430 0.100427
0 0.978978 0.183290 0.041777 0.066222
0 0.813385 0.856108 0.071384 0.074128
0 0.897802 0.818647 0.064813 0.077134
0 0.703284 0.570913 0.042153 0.049012
0 0.327109 0.226642 0.066217 0.054838
0 0.093452 0.409419 0.062799 0.065637
0 0.573416 0.738588 0.064627 0.065852
0 0.512195 0.248081 0.061012 0.068037
0 0.952858 0.116919 0.028754 0.032670
0 0.856313 0.287066 0.027066 0.024334
0 0.895494 0.169117 0.022610 0.023770
0 0.985525 0.592154 0.021472 0.027537
0 0.537271 0.970402 0.024530 0.024530
0 0.825538 0.205020 0.028772 0.032270
0 0.806737 0.194450 0.024606 0.027746
0 0.882471 0.217472 0.028424 0.027148
0 0.700374 0.159268 0.015086 0.027400
0 0.599136 0.334528 0.023223 0.020433
0 0.942465 0.299853 0.029137 0.025633
0 0.905054 0.497427 0.023774 0.035690
0 0.836670 0.239339 0.026094 0.028363
0 0.151871 0.528653 0.080384 0.070075
0 0.910699 0.319655 0.027215 0.021555
0 0.249971 0.508986 0.064767 0.044876
0 0.597875 0.313109 0.031206 0.028511
0 0.236948 0.192740 0.068151 0.049515