0 0.810294 0.681920 0.023292 0.042930
0 0.793334 0.636085 0.015629 0.024783
0 0.228645 0.743236 0.028518 0.032047
0 0.810911 0.461192 0.015729 0.014457
0 0.844412 0.396352 0.072759 0.064455
0 0.514962 0.399170 0.051276 0.038289
0 0.448125 0.665444 0.011956 0.012540
0 0.783644 0.499244 0.013017 0.017610
0 0.744330 0.725963 0.030394 0.035378
0 0.935159 0.241421 0.025641 0.031089
0 0.430952 0.397637 0.030701 0.021530
0 0.176563 0.980371 0.023579 0.038353
0 0.727299 0.349169 0.024150 0.020377
0 0.740460 0.670833 0.017228 0.023566
0 0.756616 0.417515 0.075916 0.065343
0 0.677734 0.697819 0.025202 0.033709
0 0.221975 0.403206 0.023514 0.030261
0 0.605446 0.619135 0.030311 0.028602
0 0.970502 0.043847 0.026812 0.036665
0 0.502009 0.404004 0.025126 0.026428
0 0.655265 0.504779 0.012912 0.021123
0 0.898815 0.263407 0.031174 0.034346
0 0.887477 0.337037 0.028416 0.028322
0 0.804864 0.294526 0.023031 0.024475
0 0.926131 0.034937 0.022458 0.030993
0 0.774003 0.345407 0.027959 0.029742
0 0.910298 0.226499 0.024438 0.027044
0 0.526152 0.396428 0.028965 0.032926
0 0.234955 0.372662 0.017328 0.012718
0 0.291621 0.701599 0.021383 0.013331
0 0.832429 0.371551 0.062418 0.045535
0 0.993346 0.222598 0.013087 0.012635
0 0.233442 0.743460 0.037979 0.033416