0 0.374382 0.508581 0.019345 0.016264
0 0.808171 0.334679 0.019599 0.032250
0 0.973284 0.193110 0.052287 0.058423
0 0.504771 0.303448 0.049768 0.056000
0 0.532389 0.291016 0.104801 0.082180
0 0.976310 0.368958 0.047046 0.079605
0 0.558830 0.285498 0.051583 0.070605
0 0.557082 0.637777 0.040637 0.039741
0 0.920831 0.402224 0.057936 0.056170
0 0.763927 0.317359 0.018376 0.026515
0 0.905388 0.900667 0.062071 0.069510
0 0.573962 0.374150 0.018773 0.016104
0 0.606620 0.717681 0.057591 0.056223
0 0.986721 0.243679 0.026402 0.051212
0 0.353936 0.285475 0.053361 0.041904
0 0.745785 0.258146 0.019250 0.020525
0 0.467363 0.577827 0.047222 0.049503
0 0.929211 0.284561 0.056802 0.063157
0 0.881891 0.455654 0.023944 0.025156
0 0.855654 0.345255 0.022330 0.021400
0 0.896737 0.244682 0.053611 0.063588
0 0.116620 0.383936 0.017433 0.018317
0 0.842543 0.559662 0.030435 0.037750
0 0.183137 0.245725 0.099625 0.075133
0 0.125873 0.386687 0.036291 0.024941
0 0.575012 0.353572 0.027094 0.024625
0 0.936440 0.468956 0.070006 0.056248
0 0.232661 0.486116 0.022222 0.019555