0 0.531182 0.295752 0.102934 0.079770
0 0.497189 0.588672 0.046036 0.048563
0 0.971586 0.369951 0.056530 0.083951
0 0.911742 0.404954 0.057201 0.056564
0 0.962893 0.199350 0.049233 0.056609
0 0.282249 0.507874 0.020463 0.018064
0 0.356558 0.290754 0.052903 0.041072
0 0.981634 0.245897 0.036433 0.057218
0 0.019829 0.577477 0.017757 0.013966
0 0.887857 0.249748 0.052487 0.060698
0 0.799954 0.341907 0.018975 0.031440
0 0.642646 0.731281 0.053459 0.054991
0 0.421461 0.525380 0.019725 0.016394
0 0.930125 0.924353 0.057831 0.071058
0 0.879782 0.580709 0.015475 0.022735
0 0.581761 0.651529 0.040102 0.039467
0 0.573221 0.377371 0.020907 0.017054
0 0.927675 0.289991 0.071574 0.061273
0 0.189623 0.253350 0.097041 0.074927
0 0.504023 0.307555 0.048202 0.055088
0 0.574403 0.357625 0.031048 0.026264
0 0.858345 0.917463 0.050521 0.057520
0 0.161783 0.406279 0.017220 0.018219
0 0.919815 0.289499 0.055387 0.059887
0 0.970997 0.438756 0.050213 0.043033