0 0.475939 0.734142 0.016889 0.014429
0 0.309763 0.701676 0.015625 0.017324
0 0.812775 0.746758 0.023343 0.021764
0 0.504640 0.362401 0.036679 0.040432
0 0.870904 0.384373 0.111989 0.093986
0 0.725916 0.509640 0.022879 0.025396
0 0.968469 0.427088 0.016055 0.012411
0 0.886482 0.652061 0.025133 0.063934
0 0.211285 0.797133 0.035917 0.040459
0 0.947731 0.248451 0.040073 0.044668
0 0.602259 0.551248 0.022771 0.017630
0 0.917265 0.401508 0.039114 0.040548
0 0.846856 0.313552 0.035463 0.040888
0 0.902743 0.588906 0.018092 0.028383
0 0.873897 0.427393 0.039613 0.037858
0 0.791898 0.426932 0.038622 0.039978
0 0.960011 0.327201 0.052702 0.051874
0 0.828422 0.284943 0.034062 0.032801
0 0.647041 0.644972 0.014418 0.017594
0 0.896255 0.281416 0.040383 0.042165
0 0.945082 0.905391 0.035887 0.048836
0 0.775403 0.320623 0.035523 0.038623
0 0.754162 0.787426 0.033811 0.044088
0 0.891161 0.308979 0.015873 0.014902
0 0.927261 0.950583 0.024082 0.036727
0 0.751905 0.065421 0.042782 0.130302
0 0.399732 0.351064 0.036986 0.027786
0 0.651344 0.645263 0.023913 0.018878
0 0.992206 0.371130 0.014817 0.015372
0 0.944168 0.204745 0.044029 0.045293
0 0.217497 0.795809 0.048537 0.043280