0 0.532408 0.783358 0.042606 0.045240
0 0.938354 0.364818 0.122990 0.114917
0 0.982117 0.764358 0.035367 0.076131
0 0.526568 0.324332 0.087520 0.067527
0 0.725437 0.690042 0.040497 0.049018
0 0.503623 0.334879 0.041616 0.045840
0 0.654095 0.840773 0.019302 0.022097
0 0.093845 0.982867 0.030939 0.019910
0 0.130626 0.987781 0.029680 0.023433
0 0.900930 0.880045 0.045548 0.060026
0 0.829910 0.284331 0.043787 0.051630
0 0.975160 0.239975 0.048924 0.052653
0 0.915936 0.279264 0.043632 0.049902
0 0.241833 0.385163 0.034549 0.021431
0 0.238674 0.290177 0.080150 0.059345
0 0.856048 0.318179 0.046015 0.048919
0 0.377778 0.321413 0.044645 0.033979
0 0.167706 0.409952 0.032570 0.019723
0 0.548788 0.321081 0.043766 0.058615
0 0.948879 0.415182 0.049515 0.047251
0 0.770932 0.769978 0.041907 0.042096
0 0.893019 0.241503 0.040883 0.046924
0 0.804120 0.851801 0.042821 0.048335
0 0.993251 0.386685 0.013228 0.034195