0 0.545757 0.234805 0.128498 0.098625
0 0.977163 0.184373 0.045369 0.068441
0 0.851002 0.874860 0.070738 0.075092
0 0.136729 0.429023 0.066858 0.064873
0 0.751483 0.601250 0.042522 0.051382
0 0.932856 0.840607 0.068025 0.079166
0 0.328371 0.230693 0.064916 0.051605
0 0.509999 0.960373 0.024319 0.026660
0 0.614214 0.753156 0.064362 0.066403
0 0.936930 0.139158 0.027378 0.038691
0 0.885013 0.176858 0.023851 0.024679
0 0.192236 0.552043 0.068452 0.068047
0 0.632430 0.014786 0.032280 0.029506
0 0.823072 0.207619 0.030170 0.032801
0 0.691510 0.171619 0.029107 0.047917
0 0.853142 0.288851 0.027295 0.023990
0 0.511907 0.249521 0.060311 0.067504
0 0.239527 0.194805 0.067366 0.045896
0 0.980625 0.590624 0.020728 0.027509
0 0.879433 0.219375 0.028572 0.026566
0 0.832349 0.242044 0.022494 0.028454
0 0.805944 0.196350 0.022845 0.027024
0 0.850369 0.262960 0.025271 0.030584
0 0.938856 0.302606 0.024568 0.023903
0 0.861908 0.214021 0.030394 0.026936
0 0.116693 0.179748 0.126157 0.102924
0 0.595754 0.314094 0.033250 0.030425
0 0.990497 0.381755 0.018831 0.049839
0 0.282961 0.526093 0.059443 0.057318
0 0.995920 0.241639 0.007981 0.041238
0 0.620973 0.752927 0.077759 0.067281