0 0.470140 0.755951 0.044747 0.037984
0 0.986142 0.803057 0.027578 0.067652
0 0.932169 0.367772 0.134714 0.110872
0 0.525096 0.330316 0.085967 0.066719
0 0.803113 0.797133 0.039384 0.040500
0 0.765402 0.719695 0.036861 0.048523
0 0.503877 0.340066 0.043429 0.046008
0 0.566339 0.585583 0.026778 0.017368
0 0.816808 0.714939 0.025631 0.019705
0 0.943668 0.923066 0.043929 0.060358
0 0.702795 0.698224 0.016397 0.021146
0 0.983741 0.462369 0.032271 0.059347
0 0.559481 0.395408 0.012096 0.012785
0 0.838739 0.417327 0.045494 0.046000
0 0.132815 0.980804 0.053265 0.037482
0 0.819263 0.290327 0.042520 0.049594
0 0.902430 0.285613 0.042652 0.048409
0 0.807634 0.982089 0.018203 0.024313
0 0.257025 0.452952 0.017787 0.016758
0 0.934348 0.417328 0.047644 0.045421
0 0.141599 0.635570 0.008839 0.017072
0 0.884117 0.249064 0.046878 0.044688
0 0.586916 0.788453 0.018500 0.020602
0 0.386954 0.098479 0.015670 0.019393
0 0.390511 0.327047 0.060380 0.035073
0 0.547241 0.325270 0.041955 0.056196