0 0.748487 0.720520 0.049419 0.086426
0 0.618523 0.353296 0.091083 0.207233
0 0.632003 0.552135 0.036369 0.065196
0 0.480412 0.241775 0.018001 0.038311
0 0.415444 0.313626 0.020907 0.054489
0 0.474075 0.081725 0.013933 0.028158
0 0.549612 0.073544 0.012439 0.019420
0 0.471587 0.783154 0.040299 0.110896
0 0.521745 0.152235 0.014772 0.027570
0 0.431193 0.043710 0.013246 0.022814
0 0.481550 0.031280 0.011834 0.020846
0 0.474884 0.159789 0.019741 0.041719
0 0.452108 0.048843 0.032063 0.096735
0 0.780798 0.945841 0.059944 0.107440
0 0.525179 0.063241 0.022282 0.089811
0 0.414473 0.171660 0.019260 0.040405
0 0.778112 0.521859 0.045700 0.084348
0 0.532193 0.008561 0.011129 0.016657
0 0.472231 0.009243 0.010200 0.017320
0 0.535011 0.504380 0.087328 0.332273
0 0.572809 0.007478 0.010855 0.014269
0 0.434007 0.523618 0.030742 0.081734
0 0.805783 0.619622 0.010065 0.025234
0 0.497441 0.553856 0.080123 0.364252
0 0.517993 0.506102 0.121183 0.337523
0 0.492507 0.509502 0.070253 0.273770
0 0.448493 0.253056 0.020538 0.045752
0 0.447409 0.236671 0.024863 0.080179
0 0.832915 0.649661 0.009531 0.030431
0 0.416709 0.151749 0.025909 0.080703
0 0.418238 0.139674 0.023464 0.056179
0 0.490035 0.008194 0.012435 0.015098
0 0.511910 0.658218 0.051383 0.155618
0 0.771766 0.538968 0.032177 0.050401
0 0.445388 0.081010 0.017866 0.031878