0 0.452726 0.969366 0.013083 0.025547
0 0.476856 0.970018 0.012472 0.026994
0 0.552461 0.925368 0.009774 0.017764
0 0.530720 0.926169 0.011076 0.018254
0 0.489745 0.925873 0.013795 0.026342
0 0.525303 0.955203 0.011037 0.020143
0 0.548860 0.982959 0.012014 0.020591
0 0.541834 0.891526 0.010334 0.015985
0 0.501522 0.901048 0.010610 0.015844
0 0.504008 0.848043 0.010808 0.012726
0 0.472855 0.867715 0.036150 0.061735
0 0.527459 0.838719 0.008162 0.014159
0 0.588976 0.831487 0.009897 0.013239
0 0.517465 0.872980 0.010810 0.015855
0 0.541633 0.813800 0.011435 0.012609
0 0.576111 0.970978 0.028119 0.057642
0 0.569615 0.857423 0.034873 0.061058
0 0.574888 0.863149 0.023975 0.048741
0 0.506549 0.862877 0.011161 0.015832
0 0.563639 0.850429 0.023072 0.046470
0 0.536628 0.841951 0.014859 0.033118
0 0.589401 0.796020 0.038550 0.039853
0 0.609715 0.789747 0.006466 0.010941
0 0.460963 0.887231 0.012006 0.021666
0 0.548107 0.828266 0.028928 0.040661
0 0.534835 0.849999 0.011153 0.016048