0 0.972774 0.448962 0.010209 0.010757
0 0.740987 0.416323 0.034042 0.026261
0 0.132952 0.483091 0.030225 0.018621
0 0.840777 0.446180 0.009350 0.010179
0 0.270817 0.516722 0.009523 0.011539
0 0.243904 0.732610 0.008220 0.012160
0 0.842543 0.344114 0.008397 0.008893
0 0.235955 0.555398 0.008213 0.013922
0 0.034213 0.436747 0.010616 0.015779
0 0.568683 0.414305 0.006902 0.008811
0 0.528498 0.562504 0.007524 0.015523
0 0.529009 0.440736 0.008210 0.011271
0 0.211353 0.619420 0.006491 0.011837
0 0.788502 0.421385 0.008161 0.009839
0 0.442042 0.472502 0.005940 0.011468
0 0.466817 0.593690 0.005654 0.013357
0 0.967332 0.602976 0.006220 0.013900
0 0.113776 0.451916 0.010239 0.009365
0 0.185338 0.454401 0.012227 0.009940
0 0.440226 0.514702 0.005988 0.014049
0 0.087294 0.461383 0.010397 0.006856
0 0.898812 0.447153 0.008313 0.007889
0 0.163117 0.433228 0.008403 0.009480
0 0.171834 0.426171 0.006476 0.007066
0 0.291661 0.505418 0.008699 0.011934
0 0.466325 0.417224 0.005939 0.009867
0 0.712189 0.396344 0.007223 0.007619
0 0.130128 0.486305 0.036482 0.024916