0 0.804238 0.419255 0.033141 0.029964
0 0.747458 0.445091 0.011097 0.009633
0 0.678499 0.419062 0.008741 0.008386
0 0.882078 0.446447 0.010082 0.009635
0 0.114329 0.456620 0.021062 0.013248
0 0.657815 0.413718 0.008773 0.008965
0 0.270102 0.423968 0.011980 0.014054
0 0.497692 0.610469 0.008693 0.021969
0 0.265345 0.523816 0.008243 0.011071
0 0.844653 0.424896 0.008801 0.010353
0 0.210670 0.655680 0.006969 0.014191
0 0.282409 0.751537 0.009589 0.011556
0 0.880257 0.421126 0.009054 0.008437
0 0.544152 0.620557 0.008972 0.016574
0 0.068898 0.431658 0.008838 0.007932
0 0.219685 0.589161 0.007436 0.014172
0 0.246115 0.541554 0.007809 0.011967
0 0.383393 0.217943 0.007622 0.008636
0 0.968893 0.603013 0.006271 0.014456
0 0.133879 0.426778 0.008108 0.008465
0 0.556309 0.414996 0.008294 0.007959
0 0.071811 0.485187 0.029722 0.016071
0 0.905087 0.368194 0.007519 0.007649
0 0.810220 0.445312 0.008760 0.006692
0 0.544456 0.397282 0.009529 0.008603
0 0.447402 0.543802 0.005367 0.013296
0 0.529068 0.576486 0.006791 0.013859
0 0.513064 0.423893 0.005243 0.012020
0 0.466731 0.316096 0.006429 0.010385
0 0.488799 0.503367 0.005465 0.012922
0 0.426974 0.667836 0.012372 0.014641
0 0.305195 0.382727 0.008062 0.012432
0 0.010630 0.460742 0.012453 0.016261
0 0.271325 0.426388 0.009644 0.009287