0 0.501549 0.854962 0.007054 0.020291
0 0.631237 0.442258 0.019262 0.011526
0 0.690982 0.435036 0.008804 0.010250
0 0.353353 0.418355 0.032783 0.021293
0 0.088792 0.463405 0.010985 0.010490
0 0.524255 0.421884 0.009029 0.011733
0 0.814375 0.329952 0.011281 0.009355
0 0.538076 0.397269 0.009638 0.009505
0 0.206217 0.426748 0.009604 0.010137
0 0.421329 0.670367 0.011309 0.017098
0 0.234920 0.455680 0.009067 0.008145
0 0.134301 0.488852 0.010054 0.011437
0 0.962088 0.598847 0.006818 0.014348
0 0.024174 0.438830 0.009216 0.009118
0 0.617180 0.472879 0.016572 0.013993
0 0.929483 0.393085 0.007815 0.010110
0 0.957688 0.379721 0.009506 0.008625
0 0.978507 0.428134 0.010839 0.014165
0 0.540111 0.445822 0.010117 0.007155
0 0.084353 0.440434 0.008501 0.008696
0 0.501500 0.847197 0.008024 0.034830
0 0.257452 0.748135 0.009115 0.013687
0 0.893290 0.415955 0.008102 0.008562