0 0.878099 0.446367 0.010239 0.010275
0 0.218866 0.452107 0.020067 0.012613
0 0.716977 0.411603 0.029903 0.019556
0 0.155687 0.482347 0.031018 0.017960
0 0.281779 0.509268 0.008853 0.010893
0 0.819253 0.332776 0.007495 0.008886
0 0.147458 0.314617 0.007930 0.009059
0 0.561132 0.443731 0.008502 0.008484
0 0.533413 0.417632 0.008019 0.012513
0 0.153537 0.450089 0.010603 0.008485
0 0.966859 0.602552 0.006748 0.012697
0 0.244743 0.543734 0.007918 0.012451
0 0.471772 0.367603 0.005787 0.010393
0 0.441064 0.493055 0.005782 0.013697
0 0.465493 0.463523 0.005988 0.009593
0 0.214472 0.604598 0.006186 0.011087
0 0.935218 0.447822 0.009786 0.008937
0 0.133124 0.428164 0.007452 0.008214
0 0.570122 0.437091 0.008165 0.009207
0 0.231811 0.719312 0.008169 0.014063
0 0.428685 0.253681 0.005676 0.010532
0 0.429909 0.417387 0.009976 0.012979
0 0.510902 0.417436 0.005630 0.009241
0 0.711547 0.413739 0.041234 0.024141
0 0.751465 0.420978 0.008666 0.009138
0 0.119355 0.435015 0.008207 0.007875
0 0.466893 0.659212 0.006003 0.014605
0 0.542743 0.396751 0.009118 0.008345
0 0.695723 0.418787 0.009889 0.011323
0 0.119250 0.458816 0.008772 0.007934