0 0.735885 0.444307 0.011198 0.009845
0 0.907843 0.417775 0.031647 0.020605
0 0.352657 0.738730 0.010867 0.013505
0 0.591766 0.694929 0.010739 0.015465
0 0.800383 0.416849 0.008287 0.008823
0 0.665047 0.442874 0.009730 0.008964
0 0.228229 0.711400 0.007941 0.013456
0 0.315986 0.425387 0.007396 0.008290
0 0.561837 0.664216 0.008887 0.016338
0 0.835713 0.424559 0.009221 0.009706
0 0.594239 0.443200 0.010108 0.010238
0 0.266168 0.442729 0.008894 0.008645
0 0.702271 0.414279 0.007823 0.008731
0 0.222762 0.422040 0.009059 0.009113
0 0.220393 0.594017 0.006309 0.011018
0 0.309763 0.447841 0.009331 0.009184
0 0.210674 0.648972 0.006463 0.013508
0 0.257925 0.531558 0.007785 0.010961
0 0.534835 0.596819 0.006191 0.011023
0 0.418020 0.417253 0.007095 0.007253
0 0.483539 0.023218 0.007692 0.019493
0 0.496494 0.496627 0.005880 0.012583
0 0.232577 0.566278 0.006774 0.011195
0 0.545299 0.398346 0.009132 0.009601
0 0.427496 0.668419 0.012483 0.015715
0 0.970277 0.604156 0.006517 0.014062
0 0.450218 0.334356 0.005764 0.010760
0 0.288275 0.419878 0.007399 0.007904
0 0.215965 0.680304 0.005517 0.010491
0 0.445486 0.452601 0.005593 0.011668
0 0.497030 0.870345 0.006463 0.018517
0 0.009947 0.793993 0.011579 0.020103