0 0.363606 0.731242 0.010387 0.013831
0 0.635260 0.419061 0.008375 0.008382
0 0.122600 0.461591 0.011099 0.008333
0 0.219416 0.431275 0.008438 0.008784
0 0.353935 0.449828 0.007855 0.009253
0 0.136839 0.431097 0.008343 0.008394
0 0.017970 0.438604 0.009706 0.008483
0 0.326286 0.423457 0.008654 0.011077
0 0.060485 0.441963 0.009041 0.008569
0 0.576915 0.436400 0.010125 0.010164
0 0.925421 0.447212 0.006741 0.007979
0 0.318050 0.753226 0.009130 0.010023
0 0.259917 0.529091 0.008490 0.011550
0 0.878826 0.357379 0.010882 0.010278
0 0.029660 0.497060 0.009530 0.009324
0 0.538656 0.397812 0.009493 0.008958
0 0.426708 0.412384 0.012406 0.012224
0 0.299780 0.384492 0.008604 0.012607
0 0.442153 0.614160 0.006503 0.015504
0 0.422381 0.670986 0.012901 0.018030
0 0.669572 0.469078 0.005879 0.008430
0 0.506515 0.320945 0.015893 0.012176
0 0.539499 0.444003 0.012148 0.010303
0 0.962625 0.599793 0.006457 0.014584
0 0.425828 0.450738 0.012994 0.031231
0 0.438224 0.460224 0.005942 0.011622
0 0.500445 0.288017 0.004910 0.009327
0 0.012504 0.716341 0.024818 0.034043