0 0.206713 0.452031 0.009130 0.008883
0 0.812282 0.416912 0.007327 0.008885
0 0.644549 0.719118 0.011808 0.013148
0 0.607824 0.710150 0.011785 0.015255
0 0.908443 0.421021 0.008601 0.009187
0 0.951175 0.451023 0.011838 0.011423
0 0.626503 0.443578 0.011242 0.010411
0 0.950748 0.428398 0.009033 0.009717
0 0.567806 0.420402 0.008262 0.007750
0 0.140840 0.448579 0.008619 0.007404
0 0.556548 0.443111 0.008711 0.007969
0 0.983919 0.420896 0.031859 0.018928
0 0.258016 0.741840 0.008667 0.013460
0 0.219005 0.605891 0.005609 0.010450
0 0.397426 0.696096 0.009478 0.015969
0 0.564082 0.662875 0.006651 0.013104
0 0.546131 0.397813 0.009481 0.008523
0 0.996016 0.447511 0.007597 0.009490
0 0.402544 0.416570 0.007139 0.007465
0 0.529422 0.414831 0.007294 0.007632
0 0.535385 0.595007 0.006410 0.013113
0 0.334634 0.417902 0.008199 0.007562
0 0.971678 0.605221 0.005472 0.012891
0 0.501839 0.683242 0.006278 0.014856
0 0.495063 0.412516 0.004446 0.009607
0 0.530448 0.393991 0.010782 0.012975
0 0.219717 0.693528 0.006667 0.013309
0 0.234726 0.564154 0.006712 0.011201
0 0.445927 0.398041 0.005509 0.012010
0 0.511968 0.381684 0.005231 0.011745
0 0.260748 0.529246 0.007984 0.011054
0 0.453532 0.269808 0.005180 0.009333
0 0.308219 0.381538 0.009287 0.012976
0 0.233378 0.717258 0.005118 0.010712