0 0.635672 0.717219 0.011095 0.013316
0 0.890267 0.420005 0.008420 0.009218
0 0.794280 0.416694 0.007623 0.008750
0 0.223711 0.451608 0.008860 0.007898
0 0.645100 0.443790 0.010733 0.010101
0 0.931385 0.427296 0.008727 0.009621
0 0.574781 0.442848 0.008354 0.008061
0 0.968021 0.451919 0.012162 0.010815
0 0.390947 0.704566 0.010040 0.014709
0 0.558047 0.652155 0.006563 0.013438
0 0.971958 0.420645 0.033380 0.020317
0 0.162219 0.447525 0.008408 0.008574
0 0.383724 0.416871 0.007531 0.007693
0 0.598662 0.703815 0.010353 0.016504
0 0.532460 0.583062 0.006217 0.012592
0 0.546681 0.420768 0.008130 0.007781
0 0.971530 0.604741 0.005713 0.013654
0 0.546016 0.398131 0.009670 0.008128
0 0.316263 0.418500 0.008238 0.007640
0 0.217371 0.686801 0.007235 0.012934
0 0.250965 0.738271 0.010233 0.013329
0 0.220789 0.599090 0.006135 0.012846
0 0.229481 0.711259 0.004931 0.009747
0 0.500729 0.647986 0.005792 0.013908
0 0.419195 0.423889 0.006236 0.007730
0 0.494471 0.391029 0.004178 0.008950
0 0.238353 0.558715 0.007022 0.012053
0 0.213794 0.629630 0.005790 0.013435
0 0.266331 0.523913 0.007419 0.011024
0 0.530615 0.393632 0.010919 0.012291