0 0.373443 0.417650 0.008021 0.008909
0 0.190824 0.480146 0.030380 0.016221
0 0.933806 0.447641 0.010803 0.010166
0 0.988086 0.448562 0.008388 0.009199
0 0.256925 0.529672 0.007699 0.010963
0 0.164962 0.456660 0.011197 0.008531
0 0.007169 0.467294 0.009141 0.009254
0 0.051726 0.439598 0.010121 0.008726
0 0.213203 0.447402 0.009401 0.009035
0 0.438973 0.525776 0.006143 0.012465
0 0.465407 0.538708 0.007408 0.012094
0 0.221444 0.583411 0.007728 0.011767
0 0.630488 0.420077 0.008261 0.008436
0 0.984537 0.426327 0.007949 0.010079
0 0.678418 0.411195 0.028363 0.017824
0 0.611099 0.444294 0.008925 0.008699
0 0.073280 0.432511 0.009205 0.008054
0 0.109014 0.331432 0.007707 0.009582
0 0.541549 0.397545 0.008334 0.008132
0 0.508559 0.383454 0.005075 0.008979
0 0.471911 0.512384 0.006433 0.014991
0 0.424309 0.668008 0.011065 0.013015
0 0.629444 0.436920 0.008037 0.007842
0 0.504612 0.880117 0.007050 0.017132
0 0.966202 0.602583 0.007262 0.014113
0 0.471797 0.437698 0.005286 0.011842
0 0.263347 0.451107 0.019657 0.011100
0 0.694853 0.420288 0.008092 0.008399
0 0.235266 0.557747 0.005697 0.008609
0 0.515947 0.455910 0.006679 0.012939