0 0.616134 0.442385 0.018338 0.012253
0 0.671663 0.436175 0.008374 0.008504
0 0.366224 0.420626 0.032778 0.027061
0 0.117186 0.490163 0.009949 0.010506
0 0.542578 0.420101 0.008359 0.008931
0 0.068921 0.464994 0.011277 0.010310
0 0.216756 0.455866 0.009188 0.008663
0 0.043366 0.436756 0.009203 0.009633
0 0.106835 0.438558 0.008435 0.008954
0 0.825956 0.334619 0.013414 0.012703
0 0.537968 0.397651 0.009419 0.008829
0 0.226513 0.425613 0.008406 0.008966
0 0.612032 0.472087 0.008900 0.010061
0 0.390266 0.470110 0.008186 0.007654
0 0.421407 0.669546 0.011687 0.016722
0 0.911913 0.416905 0.010428 0.008092
0 0.266988 0.751834 0.008570 0.009003
0 0.502249 0.875495 0.008303 0.033399