0 0.617783 0.711141 0.010999 0.013365
0 0.376933 0.721158 0.010691 0.014291
0 0.583266 0.689123 0.010717 0.016725
0 0.203926 0.445442 0.008090 0.008084
0 0.757310 0.415332 0.006998 0.007932
0 0.257832 0.449751 0.009623 0.008662
0 0.945929 0.419624 0.033274 0.022090
0 0.610465 0.442435 0.008284 0.008991
0 0.546951 0.630978 0.007588 0.013791
0 0.536132 0.443345 0.010008 0.009881
0 0.854139 0.417714 0.007848 0.008798
0 0.378448 0.424222 0.007861 0.007335
0 0.345862 0.417721 0.007875 0.007747
0 0.279262 0.420073 0.008541 0.006900
0 0.240822 0.728006 0.007887 0.014369
0 0.681458 0.443782 0.010761 0.010363
0 0.893562 0.425669 0.008130 0.009369
0 0.224642 0.585778 0.005907 0.009612
0 0.510494 0.346303 0.006773 0.010068
0 0.213267 0.672426 0.005856 0.013046
0 0.970989 0.603832 0.006425 0.014911
0 0.499001 0.581929 0.006229 0.013095
0 0.445547 0.424774 0.005258 0.009522
0 0.545698 0.397505 0.009283 0.007617
0 0.296209 0.263990 0.005016 0.008725
0 0.246063 0.546648 0.008447 0.011686
0 0.275623 0.516148 0.009393 0.010254
0 0.997277 0.451425 0.005090 0.013002
0 0.493225 0.350160 0.004343 0.009695
0 0.215459 0.615379 0.006282 0.012751