0 0.317465 0.473028 0.023442 0.014472
0 0.745482 0.419058 0.007852 0.009468
0 0.406759 0.674968 0.007932 0.016174
0 0.826241 0.445631 0.009136 0.008448
0 0.247391 0.424604 0.009235 0.008940
0 0.351115 0.425789 0.008605 0.008553
0 0.361361 0.449104 0.009623 0.008908
0 0.249082 0.453358 0.010796 0.009489
0 0.193900 0.434014 0.010230 0.008906
0 0.373726 0.718715 0.009080 0.014296
0 0.226771 0.572157 0.006839 0.012015
0 0.890201 0.439753 0.007640 0.007686
0 0.522047 0.413494 0.007411 0.015199
0 0.948327 0.377226 0.014080 0.011210
0 0.130737 0.430946 0.009495 0.008151
0 0.282636 0.511831 0.011345 0.011274
0 0.963510 0.599871 0.006637 0.014219
0 0.473889 0.887666 0.007977 0.019847
0 0.540032 0.397064 0.010434 0.008485
0 0.006025 0.467306 0.011795 0.011278