0 0.945840 0.416638 0.008437 0.008037
0 0.690004 0.441485 0.018367 0.012187
0 0.767756 0.437097 0.009524 0.009025
0 0.675125 0.915311 0.008377 0.019102
0 0.165541 0.459314 0.010499 0.009988
0 0.300911 0.420451 0.033190 0.019753
0 0.197916 0.485940 0.009755 0.009819
0 0.898199 0.422087 0.009183 0.008790
0 0.658237 0.471644 0.020121 0.012783
0 0.601161 0.444239 0.011468 0.008060
0 0.308591 0.451141 0.009208 0.009213
0 0.421251 0.667822 0.011593 0.013754
0 0.821608 0.414961 0.009057 0.009600
0 0.438474 0.934804 0.007398 0.019673
0 0.907126 0.393212 0.010579 0.011689
0 0.537799 0.397292 0.009395 0.008764
0 0.961875 0.598830 0.006874 0.013837
0 0.524660 0.443727 0.008124 0.008539
0 0.913228 0.369432 0.007792 0.008102
0 0.880058 0.390266 0.007127 0.008312
0 0.227020 0.721134 0.007852 0.012758
0 0.125702 0.431153 0.007669 0.009709
0 0.492496 0.816271 0.007132 0.016418
0 0.505090 0.320401 0.015918 0.012954
0 0.522347 0.393881 0.011006 0.012154