0 0.188913 0.452003 0.008831 0.009121
0 0.653733 0.719749 0.011532 0.012886
0 0.608053 0.443073 0.011594 0.010689
0 0.830551 0.417544 0.007448 0.007691
0 0.969004 0.428055 0.008535 0.007629
0 0.538379 0.443152 0.008505 0.009122
0 0.615864 0.714527 0.012035 0.014829
0 0.977245 0.446850 0.008603 0.008509
0 0.926572 0.422469 0.008871 0.009553
0 0.547882 0.415253 0.006760 0.006301
0 0.119857 0.449245 0.008675 0.008093
0 0.352688 0.417504 0.008217 0.007842
0 0.421303 0.415765 0.007772 0.007511
0 0.570352 0.672604 0.006946 0.012877
0 0.588878 0.420272 0.008323 0.007948
0 0.538532 0.606965 0.007091 0.013945
0 0.934349 0.450408 0.012053 0.012971
0 0.403726 0.686693 0.010257 0.016227
0 0.546246 0.398147 0.009961 0.009556
0 0.971676 0.604983 0.005490 0.012459
0 0.495690 0.434324 0.004804 0.009460
0 0.222229 0.700166 0.007471 0.014254
0 0.262933 0.744738 0.011735 0.013297
0 0.217993 0.613436 0.006398 0.012564
0 0.512837 0.393995 0.005111 0.010736
0 0.990973 0.420696 0.017910 0.018315
0 0.308324 0.381389 0.009030 0.012799
0 0.257107 0.533131 0.008166 0.012172
0 0.231135 0.572157 0.005760 0.010529
0 0.502930 0.720553 0.006294 0.015242
0 0.530621 0.393754 0.010686 0.011613
0 0.453722 0.258961 0.005227 0.010135
0 0.446483 0.390889 0.004506 0.009550