0 0.245894 0.478463 0.028953 0.019333
0 0.611744 0.413799 0.032067 0.024071
0 0.390173 0.417628 0.009501 0.008540
0 0.891996 0.421383 0.008304 0.010268
0 0.101870 0.460988 0.010333 0.009150
0 0.729251 0.437380 0.007068 0.008332
0 0.280948 0.422437 0.008635 0.009999
0 0.366719 0.425446 0.007286 0.007541
0 0.241091 0.453997 0.009824 0.006956
0 0.693891 0.444061 0.009124 0.008886
0 0.310190 0.444195 0.009767 0.007894
0 0.039768 0.357236 0.009328 0.009835
0 0.337237 0.448771 0.018785 0.010700
0 0.511929 0.443528 0.006557 0.011364
0 0.433179 0.582491 0.005832 0.012841
0 0.282763 0.508387 0.009792 0.012380
0 0.472064 0.578438 0.006910 0.015188
0 0.419486 0.636492 0.005667 0.011512
0 0.498728 0.696003 0.005779 0.013420
0 0.524007 0.421942 0.006840 0.010667
0 0.509109 0.321516 0.018040 0.014007
0 0.237564 0.552742 0.005924 0.008653
0 0.510381 0.396211 0.005656 0.012259
0 0.209618 0.646965 0.005956 0.014588
0 0.465370 0.688850 0.007451 0.014141
0 0.472731 0.672454 0.005641 0.014476
0 0.441512 0.345983 0.005451 0.010755
0 0.470311 0.495000 0.005130 0.010566