0 0.188120 0.426517 0.008501 0.009325
0 0.301214 0.420719 0.008600 0.010394
0 0.194408 0.455811 0.009086 0.008689
0 0.830009 0.439135 0.007383 0.008426
0 0.800526 0.419935 0.007574 0.009853
0 0.291782 0.474783 0.022699 0.014374
0 0.316642 0.450899 0.008380 0.007437
0 0.259417 0.429402 0.009014 0.008399
0 0.776808 0.445278 0.009891 0.008490
0 0.506864 0.385534 0.005825 0.010653
0 0.419898 0.641108 0.007333 0.015085
0 0.547381 0.413017 0.031743 0.018054
0 0.416533 0.424233 0.008593 0.009160
0 0.395925 0.690946 0.008384 0.015242
0 0.442439 0.423954 0.005431 0.011380
0 0.406815 0.445249 0.012160 0.013952
0 0.302277 0.383550 0.009650 0.012655
0 0.215362 0.599141 0.006018 0.013266
0 0.494165 0.549400 0.004948 0.011674
0 0.980674 0.385083 0.011635 0.010445
0 0.264885 0.522982 0.009566 0.012579
0 0.472975 0.755793 0.006982 0.018746
0 0.289067 0.479173 0.030671 0.022485
0 0.540585 0.397374 0.009503 0.009375
0 0.964156 0.600970 0.006415 0.014116
0 0.471376 0.650866 0.005632 0.014928