0 0.719335 0.441630 0.018277 0.011570
0 0.203719 0.457386 0.009098 0.009888
0 0.344780 0.450346 0.009736 0.008093
0 0.905053 0.416221 0.008260 0.008464
0 0.620299 0.471990 0.008715 0.009154
0 0.631545 0.444596 0.010106 0.007457
0 0.559174 0.442284 0.009251 0.009187
0 0.275250 0.422064 0.032135 0.020050
0 0.805771 0.438991 0.010895 0.008215
0 0.858691 0.421033 0.008491 0.007644
0 0.414635 0.425013 0.009678 0.008000
0 0.891141 0.362771 0.008217 0.008293
0 0.228437 0.484604 0.009741 0.008994
0 0.855845 0.389517 0.008025 0.008480
0 0.423204 0.620843 0.005833 0.014858
0 0.692276 0.860766 0.009003 0.017788
0 0.882340 0.391368 0.010149 0.008899
0 0.785694 0.416916 0.009857 0.013948
0 0.961912 0.598703 0.006711 0.013323
0 0.421307 0.668951 0.011477 0.013496
0 0.489790 0.742234 0.006574 0.015863
0 0.216774 0.701488 0.007429 0.013749
0 0.538183 0.397274 0.008948 0.008590
0 0.587087 0.427706 0.007277 0.007446
0 0.678651 0.471073 0.021983 0.014419
0 0.084599 0.433788 0.008718 0.009970
0 0.250032 0.747080 0.008503 0.013706
0 0.505159 0.321321 0.015915 0.013564