0 0.984559 0.451055 0.012283 0.011313
0 0.872163 0.419065 0.008791 0.008627
0 0.912390 0.425991 0.008263 0.009382
0 0.240900 0.450283 0.008729 0.008965
0 0.663307 0.443512 0.011034 0.010232
0 0.183107 0.446165 0.008583 0.008607
0 0.776028 0.416230 0.007206 0.009371
0 0.626799 0.715278 0.011454 0.013788
0 0.958419 0.419828 0.032797 0.021686
0 0.590261 0.698003 0.010295 0.016424
0 0.592670 0.442681 0.007972 0.008703
0 0.384756 0.712345 0.009430 0.015026
0 0.246259 0.733142 0.009038 0.014209
0 0.552540 0.640791 0.007337 0.015717
0 0.364678 0.416991 0.007756 0.007690
0 0.297931 0.419305 0.008713 0.007598
0 0.971347 0.604201 0.006403 0.014529
0 0.215467 0.679133 0.006621 0.014200
0 0.241734 0.552903 0.007019 0.011126
0 0.270590 0.520457 0.008494 0.010414
0 0.398501 0.423910 0.008150 0.008729
0 0.545888 0.397705 0.009366 0.008484
0 0.221954 0.593271 0.005841 0.011202
0 0.445475 0.416754 0.005251 0.010283
0 0.499945 0.614268 0.005788 0.013656
0 0.530287 0.569657 0.006430 0.014264
0 0.527794 0.420522 0.004673 0.008941
0 0.493824 0.370297 0.004520 0.008604
0 0.214478 0.621771 0.005732 0.013822
0 0.204157 0.804343 0.011763 0.014814