0 0.275706 0.476562 0.029847 0.018636
0 0.837345 0.420837 0.007983 0.010510
0 0.337176 0.419508 0.007141 0.008156
0 0.302713 0.426965 0.009575 0.009825
0 0.286630 0.452026 0.009899 0.008414
0 0.157371 0.457542 0.008301 0.009912
0 0.743616 0.444443 0.009005 0.009286
0 0.426346 0.618968 0.006295 0.012629
0 0.789777 0.438055 0.008171 0.008785
0 0.225559 0.425161 0.008775 0.008287
0 0.573781 0.412125 0.033067 0.020889
0 0.495978 0.603431 0.006578 0.012921
0 0.253968 0.533469 0.009672 0.011993
0 0.472430 0.679828 0.006791 0.015559
0 0.211513 0.616858 0.007042 0.015052
0 0.407344 0.670545 0.006843 0.013410
0 0.367564 0.441523 0.010366 0.009174
0 0.541259 0.421824 0.008142 0.008962
0 0.508311 0.408805 0.005927 0.011005
0 0.507485 0.360722 0.005066 0.011084
0 0.441631 0.390360 0.004955 0.011052
0 0.184880 0.482623 0.005047 0.009209
0 0.964557 0.601711 0.006436 0.014859
0 0.470550 0.584149 0.005885 0.012388