0 0.405211 0.447562 0.008359 0.009293
0 0.634018 0.436385 0.009136 0.008040
0 0.946945 0.417173 0.008810 0.007549
0 0.266514 0.424384 0.008044 0.009969
0 0.579432 0.419643 0.008051 0.008757
0 0.336279 0.748937 0.011041 0.013491
0 0.391980 0.417971 0.032517 0.023877
0 0.081091 0.434772 0.009604 0.008843
0 0.974666 0.447875 0.007517 0.009100
0 0.082437 0.493025 0.010325 0.009664
0 0.029951 0.467555 0.009709 0.010561
0 0.152623 0.435640 0.008842 0.009543
0 0.179187 0.457729 0.008605 0.008912
0 0.538137 0.397451 0.009599 0.008784
0 0.846763 0.344386 0.010379 0.009264
0 0.587028 0.443312 0.018433 0.011443
0 0.505876 0.320745 0.015388 0.012522
0 0.441436 0.694931 0.007378 0.016350
0 0.388370 0.470443 0.010881 0.008490
0 0.967101 0.395104 0.007325 0.008133
0 0.959933 0.424239 0.009169 0.007888
0 0.436963 0.503113 0.007201 0.012905
0 0.962257 0.599291 0.006218 0.014370
0 0.421580 0.671487 0.013178 0.017803
0 0.285603 0.755388 0.009076 0.012938
0 0.504409 0.924622 0.007671 0.019117
0 0.012179 0.716230 0.024058 0.034360