0 0.255758 0.476979 0.029625 0.019770
0 0.874069 0.421957 0.008672 0.009373
0 0.120084 0.459938 0.008945 0.009772
0 0.600812 0.411333 0.028824 0.018729
0 0.288569 0.504927 0.010190 0.012784
0 0.256328 0.453381 0.009787 0.007732
0 0.262881 0.423439 0.007633 0.008122
0 0.373018 0.417873 0.008357 0.008333
0 0.710505 0.444726 0.010176 0.009033
0 0.345067 0.425745 0.009015 0.007852
0 0.749741 0.437259 0.007344 0.008179
0 0.209664 0.637086 0.006303 0.013652
0 0.431631 0.594627 0.006041 0.012157
0 0.329273 0.443720 0.009455 0.007876
0 0.352327 0.448837 0.018926 0.010709
0 0.243282 0.544477 0.006620 0.012985
0 0.497600 0.663939 0.005483 0.013319
0 0.510802 0.432429 0.005925 0.011233
0 0.416111 0.647610 0.006182 0.013638
0 0.472935 0.708348 0.005731 0.018045
0 0.470516 0.523152 0.005145 0.011458
0 0.465750 0.723517 0.007793 0.015913
0 0.508545 0.385609 0.006016 0.010772
0 0.472292 0.610822 0.006928 0.017286
0 0.025325 0.361665 0.007630 0.009298