0 0.334039 0.472205 0.023936 0.012753
0 0.356612 0.732903 0.009706 0.012920
0 0.708939 0.419090 0.007304 0.007827
0 0.283646 0.452344 0.007954 0.008856
0 0.093834 0.432982 0.009795 0.008547
0 0.405136 0.421985 0.008674 0.009762
0 0.395674 0.695526 0.008572 0.015769
0 0.307135 0.427322 0.008583 0.008822
0 0.045118 0.466878 0.010430 0.008537
0 0.236402 0.556844 0.008150 0.012843
0 0.149064 0.436344 0.008181 0.008916
0 0.859298 0.446710 0.008843 0.008433
0 0.210749 0.426441 0.008141 0.007546
0 0.391257 0.449741 0.008649 0.006925
0 0.930390 0.440343 0.007106 0.007286
0 0.963017 0.599717 0.006383 0.014074
0 0.539337 0.397604 0.010131 0.009461
0 0.925062 0.372527 0.013593 0.008902
0 0.442327 0.520497 0.005209 0.012912
0 0.506734 0.325068 0.015434 0.021110