0 0.932829 0.418183 0.032894 0.019820
0 0.836280 0.417077 0.008455 0.008567
0 0.629024 0.442335 0.008303 0.009238
0 0.608970 0.706738 0.010969 0.015160
0 0.699439 0.444265 0.011052 0.010202
0 0.739822 0.415175 0.008008 0.008766
0 0.275561 0.448918 0.007857 0.008556
0 0.575115 0.682432 0.009067 0.015231
0 0.357407 0.426050 0.008366 0.009112
0 0.555225 0.443911 0.010856 0.010157
0 0.874255 0.424587 0.008500 0.007234
0 0.368951 0.727290 0.010850 0.014765
0 0.236181 0.722625 0.008781 0.012796
0 0.326760 0.418253 0.008321 0.007980
0 0.250098 0.541547 0.007235 0.011137
0 0.260769 0.420670 0.008526 0.008141
0 0.970977 0.603880 0.006545 0.014539
0 0.225151 0.444366 0.008336 0.009016
0 0.445620 0.434383 0.005162 0.010019
0 0.542310 0.620406 0.006160 0.012206
0 0.212214 0.664300 0.006865 0.013760
0 0.226946 0.579086 0.005933 0.010430
0 0.545605 0.397493 0.009410 0.007626
0 0.795493 0.430471 0.011373 0.007474
0 0.216948 0.607441 0.006798 0.012952
0 0.302045 0.255624 0.005659 0.009559
0 0.451613 0.311628 0.005322 0.011203
0 0.995604 0.397076 0.008287 0.016378