0 0.264781 0.476744 0.028939 0.018841
0 0.271750 0.452462 0.009290 0.007788
0 0.139184 0.458115 0.009596 0.010745
0 0.244169 0.424127 0.009033 0.009174
0 0.355247 0.419046 0.008355 0.008414
0 0.323435 0.426814 0.009058 0.007707
0 0.855237 0.421314 0.008043 0.010118
0 0.727461 0.444585 0.009661 0.009733
0 0.210578 0.627740 0.006564 0.012602
0 0.769614 0.438133 0.007839 0.007988
0 0.586339 0.411827 0.032235 0.019694
0 0.348290 0.442983 0.009686 0.008191
0 0.429501 0.606537 0.005899 0.013058
0 0.472227 0.644258 0.006931 0.015374
0 0.561010 0.421338 0.007739 0.008970
0 0.246821 0.540847 0.007774 0.009794
0 0.509111 0.420325 0.006345 0.011485
0 0.412298 0.659123 0.006427 0.013706
0 0.699729 0.030580 0.008574 0.010539
0 0.496834 0.632667 0.005652 0.014327
0 0.366424 0.448611 0.019398 0.010894
0 0.524560 0.394665 0.010609 0.012852
0 0.302658 0.383028 0.009634 0.013390
0 0.540631 0.397273 0.009096 0.007697
0 0.470253 0.552824 0.005345 0.011675
0 0.010024 0.366166 0.009923 0.012584
0 0.465620 0.759887 0.008575 0.016502
0 0.474102 0.746291 0.007277 0.021321