0 0.056416 0.435796 0.009859 0.009452
0 0.902142 0.366125 0.012733 0.008930
0 0.319003 0.450592 0.008149 0.009092
0 0.337556 0.745030 0.011040 0.012611
0 0.671409 0.419291 0.006896 0.007369
0 0.380440 0.715166 0.008129 0.012520
0 0.104551 0.439537 0.009900 0.010621
0 0.083963 0.463185 0.010693 0.010523
0 0.012611 0.716914 0.025091 0.033533
0 0.173885 0.428684 0.008732 0.008749
0 0.538999 0.397258 0.009139 0.008553
0 0.891833 0.447039 0.007663 0.008871
0 0.349009 0.472002 0.022139 0.011182
0 0.442794 0.565896 0.005860 0.015135
0 0.247170 0.540582 0.007582 0.013366
0 0.538697 0.438146 0.009362 0.007999
0 0.263499 0.429310 0.008332 0.009000
0 0.963026 0.599985 0.006254 0.015231
0 0.300339 0.384355 0.007296 0.012160
0 0.488316 0.392349 0.005257 0.008313
0 0.365381 0.423158 0.008547 0.009211
0 0.971186 0.441885 0.006974 0.007580