0 0.108195 0.484307 0.032829 0.017761
0 0.936422 0.447830 0.010207 0.010303
0 0.803305 0.445745 0.010548 0.009563
0 0.207972 0.428025 0.011936 0.012785
0 0.863377 0.446555 0.008194 0.007263
0 0.867579 0.354437 0.007776 0.009015
0 0.825172 0.421103 0.007933 0.009019
0 0.767043 0.415253 0.034636 0.023746
0 0.056036 0.462463 0.009733 0.008191
0 0.159749 0.455087 0.019623 0.010637
0 0.604486 0.413766 0.007657 0.008606
0 0.617133 0.419301 0.007076 0.007110
0 0.229207 0.568749 0.008718 0.014305
0 0.259767 0.526648 0.009395 0.012409
0 0.426384 0.668014 0.012083 0.014762
0 0.257767 0.742921 0.008968 0.013189
0 0.009239 0.435676 0.008315 0.007871
0 0.073404 0.454293 0.010950 0.008631
0 0.279826 0.513486 0.009109 0.010886
0 0.446693 0.584762 0.006299 0.014462
0 0.967709 0.602939 0.006700 0.015044
0 0.074912 0.431730 0.008287 0.010238
0 0.466210 0.375166 0.006078 0.009437
0 0.516487 0.464173 0.006080 0.010849
0 0.543591 0.397294 0.009924 0.009021
0 0.304713 0.382143 0.007803 0.011473
0 0.533055 0.587784 0.006614 0.013351
0 0.343306 0.387974 0.010579 0.009146
0 0.467325 0.532773 0.005257 0.012867
0 0.210581 0.633178 0.007245 0.014621