0 0.645759 0.441721 0.018309 0.011204
0 0.710121 0.435615 0.010464 0.009001
0 0.107129 0.462709 0.011549 0.010502
0 0.340359 0.419042 0.033404 0.020665
0 0.254127 0.454190 0.010670 0.008252
0 0.439300 0.822192 0.006574 0.018976
0 0.879166 0.418482 0.016139 0.015914
0 0.150547 0.488668 0.009235 0.009311
0 0.248887 0.742944 0.009211 0.011454
0 0.420929 0.668639 0.011337 0.015707
0 0.958034 0.423026 0.009262 0.008639
0 0.061699 0.441869 0.007397 0.008991
0 0.625355 0.473171 0.019578 0.014399
0 0.917107 0.391679 0.007407 0.009050
0 0.537781 0.397289 0.009170 0.008211
0 0.555786 0.445178 0.009867 0.005934
0 0.505846 0.319849 0.016697 0.013045
0 0.185929 0.428039 0.009057 0.009749
0 0.945737 0.392254 0.012927 0.012748
0 0.005126 0.440426 0.009520 0.008008