0 0.118219 0.485881 0.035180 0.022802
0 0.954238 0.448300 0.010182 0.010415
0 0.752704 0.415748 0.033492 0.026140
0 0.822434 0.446204 0.010458 0.009751
0 0.854465 0.349817 0.007736 0.008910
0 0.173883 0.454936 0.019424 0.010911
0 0.072279 0.461506 0.011395 0.008563
0 0.232091 0.561762 0.006857 0.011551
0 0.265451 0.521215 0.009109 0.011621
0 0.494827 0.525622 0.008284 0.018054
0 0.880859 0.446724 0.008193 0.007635
0 0.250658 0.738038 0.008669 0.013737
0 0.807309 0.421928 0.009532 0.010572
0 0.445920 0.599624 0.006159 0.013404
0 0.586135 0.413898 0.008817 0.009588
0 0.210769 0.627268 0.006803 0.011777
0 0.093508 0.453846 0.010125 0.008056
0 0.187719 0.428591 0.014572 0.013881
0 0.595678 0.419592 0.008502 0.009235
0 0.467152 0.562211 0.005673 0.012310
0 0.442244 0.461345 0.005609 0.012162
0 0.967811 0.603058 0.006235 0.014514
0 0.529727 0.576441 0.006390 0.012443
0 0.441253 0.504033 0.005836 0.012775
0 0.284756 0.510485 0.008003 0.010844
0 0.509241 0.377486 0.005007 0.012001
0 0.543369 0.396598 0.009657 0.010048
0 0.304771 0.382700 0.008108 0.012259
0 0.466237 0.395762 0.005851 0.009558