0 0.202512 0.480057 0.029142 0.018144
0 0.952472 0.447876 0.010545 0.010872
0 0.663261 0.413120 0.033869 0.022431
0 0.966701 0.425308 0.007776 0.008344
0 0.355243 0.418707 0.007588 0.008279
0 0.262685 0.523906 0.008795 0.012488
0 0.649418 0.436876 0.007478 0.008122
0 0.627513 0.443914 0.009541 0.009109
0 0.180478 0.456472 0.009319 0.007430
0 0.609186 0.419864 0.007975 0.007841
0 0.509711 0.324250 0.016514 0.021773
0 0.029416 0.441356 0.008715 0.008282
0 0.232559 0.446948 0.010128 0.007274
0 0.224186 0.575884 0.007499 0.012936
0 0.438213 0.536099 0.006749 0.012659
0 0.472043 0.463763 0.005671 0.012115
0 0.514679 0.443709 0.007054 0.011771
0 0.054133 0.434257 0.007343 0.008240
0 0.027035 0.465728 0.009821 0.009637
0 0.215567 0.686809 0.006963 0.013476
0 0.541566 0.397188 0.007972 0.008322
0 0.283676 0.450185 0.007974 0.008723
0 0.431578 0.587153 0.005550 0.014208
0 0.095894 0.336708 0.007753 0.009609
0 0.465483 0.566643 0.007580 0.013266
0 0.272873 0.451371 0.009167 0.010335
0 0.507486 0.370925 0.004864 0.008673
0 0.966206 0.602371 0.007033 0.013537
0 0.471593 0.541482 0.005652 0.014990
0 0.503483 0.839136 0.006854 0.016691
0 0.442770 0.716118 0.006353 0.014843
0 0.466879 0.814670 0.006893 0.018384