0 0.702052 0.412098 0.031393 0.019112
0 0.168008 0.480940 0.029618 0.015896
0 0.897136 0.446938 0.010350 0.010497
0 0.952757 0.447671 0.009614 0.009382
0 0.509580 0.326035 0.018245 0.023297
0 0.173618 0.449320 0.009550 0.008813
0 0.440215 0.503286 0.006098 0.013136
0 0.288843 0.504287 0.012721 0.014149
0 0.577712 0.444152 0.009243 0.008907
0 0.465568 0.486167 0.006326 0.011391
0 0.234015 0.451563 0.019735 0.012103
0 0.409846 0.417036 0.006844 0.007444
0 0.112845 0.430130 0.007479 0.006989
0 0.226757 0.711635 0.007243 0.011791
0 0.247523 0.539808 0.008320 0.012602
0 0.096637 0.436119 0.009128 0.008990
0 0.518804 0.478949 0.006164 0.013228
0 0.471709 0.390236 0.006251 0.010655
0 0.732738 0.420092 0.008199 0.008793
0 0.589423 0.437734 0.006854 0.007563
0 0.134306 0.457751 0.010339 0.008782
0 0.216931 0.596820 0.007661 0.013470
0 0.673481 0.420411 0.008334 0.008168
0 0.510312 0.405754 0.005079 0.009296
0 0.966690 0.602408 0.006364 0.012901
0 0.542579 0.397358 0.009292 0.008771
0 0.436472 0.551708 0.004664 0.012898
0 0.471819 0.459826 0.005398 0.013043
0 0.507211 0.968784 0.007339 0.018596