0 0.354963 0.736755 0.010355 0.014050
0 0.595494 0.435520 0.008608 0.009958
0 0.554237 0.444073 0.011519 0.010791
0 0.118161 0.432503 0.009252 0.008486
0 0.141092 0.460725 0.011542 0.008037
0 0.616906 0.418968 0.007425 0.008285
0 0.036812 0.443649 0.008417 0.007568
0 0.441699 0.640060 0.006149 0.015085
0 0.417429 0.416627 0.031316 0.021327
0 0.983260 0.418745 0.008298 0.007454
0 0.538625 0.397638 0.009480 0.008418
0 0.266486 0.523286 0.008853 0.010849
0 0.868860 0.353640 0.010531 0.008919
0 0.941622 0.447311 0.007384 0.009035
0 0.507064 0.321052 0.018536 0.012383
0 0.421869 0.671479 0.012526 0.019251
0 0.306234 0.423598 0.009198 0.009719
0 0.196887 0.433032 0.008301 0.008186
0 0.962425 0.599594 0.006476 0.014301
0 0.047355 0.495243 0.009876 0.008844
0 0.370975 0.449227 0.008084 0.008578
0 0.563254 0.444199 0.006694 0.008181
0 0.307183 0.753584 0.010318 0.009041