0 0.894155 0.417732 0.032775 0.020393
0 0.754614 0.444319 0.011441 0.010846
0 0.420662 0.422382 0.008419 0.009861
0 0.612952 0.444116 0.011161 0.011001
0 0.399314 0.418087 0.007062 0.008137
0 0.344234 0.743802 0.010071 0.011913
0 0.782248 0.416244 0.009928 0.009874
0 0.584277 0.687785 0.010048 0.015915
0 0.555815 0.654357 0.010187 0.018497
0 0.683588 0.443046 0.008519 0.009464
0 0.531862 0.584113 0.005828 0.011211
0 0.210197 0.642249 0.006560 0.013100
0 0.294647 0.426626 0.007182 0.007189
0 0.684028 0.415204 0.006679 0.007780
0 0.326247 0.447641 0.008963 0.008641
0 0.448868 0.346009 0.005381 0.011202
0 0.815873 0.424238 0.009553 0.009942
0 0.262666 0.528325 0.007316 0.009741
0 0.224262 0.706070 0.007799 0.015329
0 0.286897 0.442298 0.008402 0.009057
0 0.495671 0.814750 0.006488 0.016646
0 0.222309 0.586334 0.007425 0.013631
0 0.204219 0.423765 0.008306 0.008229
0 0.970399 0.604142 0.006881 0.014432
0 0.446851 0.378308 0.004848 0.010977
0 0.269446 0.420472 0.007624 0.008767
0 0.544901 0.397792 0.008968 0.009025
0 0.235986 0.561068 0.006862 0.012084
0 0.513404 0.318975 0.019757 0.010609
0 0.994211 0.428145 0.010286 0.012549
0 0.994718 0.395279 0.010202 0.018829
0 0.009974 0.462208 0.019564 0.012718