0 0.818804 0.416244 0.009354 0.009386
0 0.361133 0.733059 0.009654 0.012563
0 0.718255 0.443561 0.010780 0.010591
0 0.600445 0.701621 0.010151 0.014892
0 0.647075 0.442517 0.008453 0.008863
0 0.920141 0.417585 0.032236 0.019142
0 0.574466 0.443096 0.012053 0.010611
0 0.720702 0.414912 0.007136 0.008823
0 0.292649 0.448542 0.008490 0.008843
0 0.567776 0.674880 0.008897 0.014620
0 0.855185 0.424244 0.009422 0.007839
0 0.241998 0.421520 0.008217 0.008458
0 0.513400 0.320713 0.015713 0.013200
0 0.307728 0.418688 0.007395 0.007845
0 0.245539 0.443576 0.007823 0.008242
0 0.497060 0.524096 0.005431 0.012264
0 0.211110 0.656988 0.006704 0.013280
0 0.545581 0.397517 0.009240 0.007873
0 0.427334 0.669312 0.012292 0.017253
0 0.231822 0.718672 0.007493 0.012689
0 0.229721 0.572982 0.006253 0.011366
0 0.450979 0.322926 0.005845 0.010800
0 0.009978 0.794139 0.011162 0.019390
0 0.538443 0.608103 0.005998 0.012105
0 0.335989 0.427233 0.008856 0.010524
0 0.253816 0.536180 0.008293 0.012061
0 0.795351 0.430193 0.010873 0.007862
0 0.218056 0.600125 0.006408 0.014115