0 0.213326 0.485041 0.009958 0.009853
0 0.925215 0.416749 0.008124 0.008696
0 0.184739 0.458122 0.010832 0.011613
0 0.287916 0.422487 0.033720 0.022025
0 0.683982 0.887292 0.009413 0.019967
0 0.786661 0.438551 0.010340 0.008669
0 0.326681 0.450952 0.008674 0.008627
0 0.878467 0.422902 0.008485 0.009077
0 0.705330 0.441607 0.018826 0.011705
0 0.902144 0.365690 0.008550 0.007976
0 0.105183 0.432303 0.008922 0.009863
0 0.221892 0.710937 0.007595 0.012967
0 0.541676 0.443308 0.007774 0.008048
0 0.258044 0.752368 0.009577 0.010039
0 0.804755 0.417195 0.010438 0.014132
0 0.961926 0.598906 0.006925 0.013914
0 0.868193 0.389919 0.007483 0.009104
0 0.421174 0.668419 0.011742 0.014472
0 0.616641 0.444137 0.012365 0.007032
0 0.538074 0.397541 0.009265 0.008652
0 0.894936 0.392143 0.010694 0.014415
0 0.425561 0.608445 0.006044 0.014906
0 0.611403 0.471543 0.006572 0.008659
0 0.438243 0.975437 0.007232 0.020612
0 0.667800 0.472455 0.019248 0.014381