0 0.102672 0.461765 0.010489 0.010020
0 0.155656 0.429303 0.010006 0.009627
0 0.082163 0.440755 0.009804 0.008913
0 0.036574 0.437203 0.008667 0.009684
0 0.336503 0.449895 0.008999 0.009727
0 0.653626 0.419036 0.007525 0.008818
0 0.254059 0.534624 0.008747 0.012854
0 0.557566 0.437226 0.009263 0.009142
0 0.346351 0.423226 0.008290 0.009117
0 0.908263 0.447264 0.008555 0.008746
0 0.241197 0.430120 0.007905 0.009918
0 0.538831 0.397111 0.009257 0.008768
0 0.890839 0.362490 0.013617 0.012558
0 0.327811 0.749876 0.010616 0.011928
0 0.442124 0.589194 0.006496 0.014171
0 0.990921 0.441627 0.007653 0.008034
0 0.373642 0.722403 0.011042 0.013950
0 0.500869 0.298808 0.005160 0.008175
0 0.012665 0.716705 0.025153 0.033489
0 0.529011 0.445366 0.016556 0.010106
0 0.962833 0.600001 0.006371 0.015086