0 0.727386 0.413986 0.032356 0.022865
0 0.144236 0.484256 0.031415 0.020206
0 0.990786 0.449550 0.010511 0.010735
0 0.859526 0.446023 0.009662 0.010753
0 0.276343 0.511803 0.009738 0.012543
0 0.917209 0.447660 0.008057 0.007465
0 0.102147 0.460489 0.011810 0.008248
0 0.134089 0.451928 0.011450 0.008290
0 0.770042 0.421238 0.007620 0.009229
0 0.830896 0.338455 0.008192 0.008732
0 0.441586 0.482393 0.006413 0.011811
0 0.239170 0.550609 0.006829 0.011728
0 0.204132 0.452894 0.020076 0.011947
0 0.213023 0.611541 0.006658 0.013271
0 0.466831 0.625434 0.005711 0.015214
0 0.152502 0.427307 0.006893 0.008368
0 0.512341 0.428906 0.005826 0.009237
0 0.967123 0.602953 0.006473 0.012665
0 0.445402 0.630152 0.006207 0.015588
0 0.159911 0.309370 0.009045 0.009299
0 0.527564 0.552414 0.007416 0.015782
0 0.471326 0.409337 0.005676 0.013960
0 0.439604 0.526512 0.005896 0.013837
0 0.544363 0.444442 0.008842 0.008438
0 0.552832 0.416771 0.010461 0.013353
0 0.237263 0.727169 0.008130 0.014133
0 0.471751 0.345942 0.005470 0.010637
0 0.550576 0.414524 0.006761 0.008829
0 0.140988 0.435388 0.009798 0.010023
0 0.221333 0.584765 0.005318 0.009718
0 0.209791 0.453283 0.008952 0.009176
0 0.792913 0.430485 0.011641 0.007989
0 0.424282 0.245615 0.005436 0.010046
0 0.542964 0.396755 0.009665 0.009635