0 0.213935 0.479717 0.029592 0.017414
0 0.970849 0.448241 0.010861 0.010707
0 0.650606 0.412689 0.031480 0.022242
0 0.337157 0.419442 0.007160 0.008642
0 0.266934 0.521131 0.008773 0.011840
0 0.587640 0.420078 0.007693 0.009448
0 0.947285 0.426070 0.009543 0.010252
0 0.252080 0.446655 0.009362 0.008002
0 0.669170 0.436605 0.007981 0.008857
0 0.045336 0.464662 0.009773 0.009345
0 0.644491 0.443764 0.009812 0.009377
0 0.195448 0.455414 0.009949 0.007576
0 0.213466 0.676996 0.006875 0.014481
0 0.516333 0.479508 0.006689 0.011983
0 0.082138 0.341518 0.008136 0.010182
0 0.034132 0.435468 0.008159 0.008602
0 0.437057 0.548455 0.006441 0.013082
0 0.465274 0.594410 0.006506 0.013940
0 0.502333 0.800868 0.006396 0.016854
0 0.472527 0.571598 0.005688 0.015151
0 0.472121 0.490706 0.005670 0.012106
0 0.513486 0.431122 0.005563 0.012614
0 0.966289 0.602298 0.006854 0.013957
0 0.442328 0.732486 0.006361 0.016656
0 0.467001 0.859034 0.006522 0.018724
0 0.541719 0.397689 0.007981 0.008343
0 0.226194 0.572953 0.006144 0.008449
0 0.293195 0.450276 0.019328 0.011073
0 0.429348 0.598354 0.005924 0.015225
0 0.506774 0.358936 0.005110 0.009244
0 0.429979 0.425366 0.007404 0.012408
0 0.303264 0.382934 0.008552 0.012502