0 0.729626 0.436540 0.009102 0.007769
0 0.038840 0.443135 0.008756 0.009021
0 0.327265 0.419400 0.033034 0.021096
0 0.272364 0.453480 0.009594 0.007812
0 0.166759 0.487354 0.009503 0.009255
0 0.127455 0.461320 0.011231 0.009995
0 0.986636 0.417239 0.008817 0.008108
0 0.571150 0.443952 0.010321 0.007714
0 0.166065 0.428372 0.008255 0.009840
0 0.937961 0.422508 0.009273 0.008813
0 0.935815 0.374366 0.008944 0.008169
0 0.495175 0.898226 0.007524 0.019743
0 0.421170 0.668405 0.011291 0.015228
0 0.538093 0.397185 0.009067 0.008249
0 0.505580 0.320065 0.015938 0.014116
0 0.659844 0.975494 0.008427 0.019873
0 0.240636 0.737080 0.008109 0.013327
0 0.660583 0.441658 0.018922 0.011624
0 0.961883 0.598563 0.006661 0.013685
0 0.635914 0.472501 0.020485 0.012758
0 0.932272 0.393924 0.011200 0.010577
0 0.421359 0.467618 0.009805 0.008555