0 0.881059 0.420914 0.033069 0.027343
0 0.772453 0.444434 0.010629 0.009942
0 0.632220 0.444291 0.011786 0.010846
0 0.764775 0.415517 0.008312 0.009056
0 0.267903 0.523218 0.009127 0.011710
0 0.343154 0.446820 0.008272 0.008839
0 0.380678 0.418433 0.007604 0.007765
0 0.701616 0.443126 0.008623 0.009164
0 0.576307 0.680510 0.008373 0.015092
0 0.796359 0.423051 0.008985 0.010033
0 0.972448 0.427620 0.009122 0.008541
0 0.980853 0.388102 0.008035 0.008068
0 0.665734 0.414452 0.008118 0.008461
0 0.335481 0.747020 0.010106 0.013608
0 0.987552 0.423174 0.007937 0.008473
0 0.399664 0.423352 0.007808 0.008713
0 0.185048 0.424465 0.008373 0.007855
0 0.239087 0.554271 0.006637 0.010802
0 0.221745 0.699533 0.008317 0.013440
0 0.250379 0.421202 0.008052 0.009023
0 0.004155 0.489041 0.008029 0.016460
0 0.024025 0.461801 0.020979 0.011265
0 0.307376 0.440620 0.007343 0.009539
0 0.225207 0.579105 0.006668 0.013566
0 0.529769 0.571226 0.006231 0.012001
0 0.550764 0.644173 0.008260 0.017347
0 0.544580 0.397208 0.009636 0.008797
0 0.329400 0.227985 0.007688 0.009382
0 0.210273 0.633530 0.006092 0.014974
0 0.273658 0.428389 0.010115 0.010119
0 0.447842 0.356226 0.005379 0.010665