0 0.180126 0.480524 0.029581 0.017155
0 0.970308 0.448229 0.009066 0.008866
0 0.915391 0.447710 0.010311 0.010043
0 0.688781 0.412105 0.032202 0.019751
0 0.391699 0.417852 0.007799 0.008142
0 0.609454 0.437465 0.007364 0.008430
0 0.193765 0.448231 0.009958 0.007917
0 0.652148 0.419789 0.007937 0.008376
0 0.150077 0.457445 0.009861 0.007329
0 0.093450 0.431922 0.008976 0.007615
0 0.253777 0.533246 0.009508 0.012809
0 0.439567 0.514623 0.005867 0.012731
0 0.074275 0.437958 0.009003 0.010560
0 0.121993 0.325428 0.007376 0.009431
0 0.465619 0.510891 0.007118 0.012836
0 0.713996 0.419912 0.007957 0.007817
0 0.222322 0.703483 0.007188 0.014580
0 0.471705 0.413066 0.005800 0.010785
0 0.594176 0.443879 0.008936 0.008482
0 0.508992 0.393851 0.005009 0.009535
0 0.505513 0.923139 0.006781 0.018074
0 0.966385 0.602473 0.006675 0.013644
0 0.517153 0.467127 0.006103 0.012997
0 0.542302 0.397302 0.008815 0.008505
0 0.472322 0.484699 0.006203 0.013745
0 0.291874 0.502557 0.008076 0.010219
0 0.244310 0.450850 0.011039 0.010599
0 0.435096 0.563241 0.005368 0.012311
0 0.466748 0.732972 0.006013 0.014750
0 0.231555 0.564542 0.005083 0.008314
0 0.254240 0.450426 0.008144 0.009504
0 0.492638 0.430101 0.006026 0.013196