0 0.150705 0.429266 0.008810 0.009384
0 0.412655 0.664179 0.007564 0.015313
0 0.763726 0.419335 0.007475 0.008437
0 0.265344 0.423381 0.008376 0.009729
0 0.957606 0.380692 0.010880 0.009487
0 0.307319 0.477876 0.031090 0.023575
0 0.372633 0.425330 0.008786 0.008882
0 0.810349 0.445877 0.009288 0.008151
0 0.214658 0.432703 0.010086 0.009069
0 0.381518 0.709701 0.009587 0.014494
0 0.540027 0.397415 0.010078 0.008901
0 0.229640 0.454795 0.009117 0.008884
0 0.276702 0.515624 0.011111 0.012873
0 0.295780 0.483668 0.008386 0.012617
0 0.483433 0.244010 0.005984 0.013743
0 0.222595 0.581901 0.006779 0.013142
0 0.870482 0.439917 0.007660 0.007244
0 0.528094 0.417133 0.019541 0.026859
0 0.346570 0.450380 0.010162 0.007100
0 0.309432 0.473491 0.023991 0.014365