0 0.112891 0.431841 0.009056 0.008906
0 0.365319 0.726184 0.009641 0.014173
0 0.727378 0.418906 0.008533 0.009000
0 0.266071 0.452758 0.007962 0.008553
0 0.376487 0.449852 0.009253 0.007537
0 0.229280 0.425293 0.007695 0.008819
0 0.401629 0.685804 0.008548 0.015241
0 0.329402 0.426485 0.007761 0.008884
0 0.911192 0.440444 0.008441 0.007664
0 0.326777 0.473451 0.022390 0.013471
0 0.230576 0.564456 0.006103 0.010694
0 0.171296 0.434481 0.008967 0.009062
0 0.842802 0.446000 0.008184 0.008798
0 0.026013 0.467638 0.009982 0.010051
0 0.936409 0.375813 0.012152 0.009238
0 0.963139 0.599786 0.006281 0.014205
0 0.288625 0.507058 0.010882 0.014172
0 0.539814 0.397532 0.010039 0.008656
0 0.422748 0.670761 0.012175 0.018577
0 0.472808 0.807966 0.006586 0.016685
0 0.490558 0.454973 0.004511 0.010072
0 0.482291 0.220849 0.007622 0.013816