0 0.410709 0.739821 0.018366 0.041985
0 0.600536 0.796529 0.025988 0.045352
0 0.556987 0.654106 0.016738 0.028144
0 0.529402 0.666297 0.016458 0.030692
0 0.443970 0.643843 0.027428 0.145462
0 0.471461 0.588290 0.012799 0.025225
0 0.477486 0.690828 0.018344 0.040578
0 0.475727 0.542727 0.013921 0.028178
0 0.418297 0.586201 0.017004 0.035433
0 0.521579 0.600099 0.013390 0.024970
0 0.488946 0.510163 0.011485 0.019321
0 0.548519 0.534295 0.019876 0.082181
0 0.506702 0.859682 0.031641 0.073365
0 0.498933 0.476380 0.010132 0.019225
0 0.435907 0.517925 0.014202 0.031689
0 0.525299 0.519266 0.010893 0.018533
0 0.431697 0.963338 0.037288 0.072638
0 0.523794 0.394262 0.031865 0.039076
0 0.562564 0.396367 0.031462 0.039495
0 0.538344 0.468325 0.024404 0.059973
0 0.570798 0.422958 0.009708 0.014176
0 0.459131 0.519399 0.031337 0.090725
0 0.510533 0.456341 0.012166 0.019848
0 0.578668 0.437790 0.009426 0.012573
0 0.480401 0.472703 0.011487 0.019621
0 0.587374 0.405386 0.012600 0.019882
0 0.535803 0.423012 0.010216 0.015335
0 0.720043 0.931113 0.122288 0.136557
0 0.512613 0.409728 0.013199 0.018886
0 0.659109 0.952682 0.053657 0.092726
0 0.706781 0.931118 0.148949 0.136716
0 0.523873 0.436345 0.009002 0.014248
0 0.591118 0.371692 0.008310 0.016963
0 0.601864 0.367701 0.028671 0.031284
0 0.557782 0.436867 0.009442 0.015480
0 0.499515 0.437651 0.015251 0.024896
0 0.685654 0.893097 0.049768 0.060926
0 0.553930 0.401036 0.014123 0.029281
0 0.535168 0.406140 0.009956 0.016886
0 0.451936 0.549105 0.016631 0.030707
0 0.671290 0.794203 0.006885 0.018625
0 0.552092 0.408731 0.010304 0.013785