0 0.480619 0.779644 0.012199 0.022076
0 0.471296 0.888891 0.015222 0.033648
0 0.470528 0.827867 0.015258 0.034894
0 0.521222 0.813637 0.011684 0.024204
0 0.449038 0.943675 0.034299 0.111329
0 0.405489 0.959143 0.021823 0.055160
0 0.546966 0.793543 0.012140 0.021740
0 0.531377 0.721065 0.010177 0.017426
0 0.487593 0.733869 0.011764 0.021534
0 0.557773 0.870268 0.016427 0.027474
0 0.465442 0.733712 0.012655 0.022168
0 0.412795 0.852406 0.017440 0.035460
0 0.609944 0.929802 0.063097 0.139361
0 0.522711 0.770849 0.010948 0.020366
0 0.528230 0.664846 0.010432 0.015295
0 0.556973 0.707262 0.021460 0.060296
0 0.500507 0.706633 0.012925 0.022074
0 0.448773 0.794481 0.031019 0.111837
0 0.571815 0.652570 0.010039 0.013780
0 0.528365 0.634310 0.009991 0.011470
0 0.590314 0.957151 0.065102 0.084948
0 0.549867 0.677955 0.026379 0.052934
0 0.511940 0.686209 0.010044 0.014318
0 0.519033 0.653195 0.010604 0.017003
0 0.599400 0.929525 0.084718 0.139834
0 0.498255 0.647602 0.033485 0.049712
0 0.567360 0.607649 0.011095 0.011997
0 0.586754 0.640164 0.009733 0.013095
0 0.496781 0.660230 0.037028 0.074679
0 0.545431 0.639780 0.015942 0.031134
0 0.443876 0.830384 0.019211 0.039430