0 0.629098 0.075988 0.038220 0.067098
0 0.478181 0.361205 0.040195 0.110934
0 0.427236 0.055078 0.028956 0.075022
0 0.667244 0.034482 0.035900 0.060426
0 0.546971 0.099566 0.032073 0.074324
0 0.530366 0.228766 0.097216 0.358505
0 0.569939 0.447901 0.063010 0.187340
0 0.541538 0.295167 0.120098 0.492337
0 0.607815 0.909790 0.082079 0.179360
0 0.967357 0.890379 0.064835 0.217569
0 0.659074 0.530055 0.041302 0.072410
0 0.673395 0.581735 0.070676 0.176400
0 0.777358 0.087750 0.031885 0.051449
0 0.785773 0.070647 0.048832 0.085247
0 0.678691 0.602733 0.060129 0.133914