0 0.525114 0.703944 0.013778 0.028431
0 0.412241 0.864037 0.021073 0.050398
0 0.413318 0.685172 0.018366 0.040902
0 0.480613 0.790661 0.020070 0.044600
0 0.486636 0.587898 0.011562 0.019926
0 0.582657 0.807591 0.022176 0.037159
0 0.552125 0.690246 0.014745 0.025937
0 0.526966 0.577717 0.010913 0.018206
0 0.520725 0.647318 0.012547 0.022967
0 0.428697 0.611670 0.014903 0.028549
0 0.672618 0.921094 0.142810 0.157224
0 0.475889 0.548689 0.011735 0.018664
0 0.470985 0.672545 0.013340 0.026922
0 0.495828 0.550815 0.010657 0.018316
0 0.549012 0.582575 0.018131 0.074845
0 0.473447 0.623225 0.014132 0.029449
0 0.445175 0.737768 0.027511 0.159405
0 0.518403 0.972716 0.034942 0.054088
0 0.561680 0.500614 0.010041 0.014273
0 0.541328 0.531019 0.025258 0.056553
0 0.455512 0.598095 0.030901 0.095943
0 0.534037 0.493753 0.009909 0.014300
0 0.575450 0.486500 0.010051 0.013695
0 0.507301 0.529670 0.012723 0.020801
0 0.530581 0.479308 0.010010 0.015505
0 0.516713 0.467584 0.032251 0.038268
0 0.585262 0.496990 0.008629 0.011793
0 0.647244 0.945492 0.091797 0.108129
0 0.521050 0.509710 0.009763 0.014078
0 0.559502 0.470709 0.030645 0.031865
0 0.584037 0.437964 0.008464 0.011478
0 0.599343 0.436553 0.029438 0.032034
0 0.445140 0.777164 0.027368 0.080314
0 0.591325 0.469775 0.012219 0.020827
0 0.684154 0.921148 0.120125 0.156886
0 0.552088 0.471154 0.015726 0.031022
0 0.506299 0.476824 0.014818 0.032486
0 0.544596 0.459686 0.007205 0.010546
0 0.449105 0.627636 0.017353 0.036613