0 0.412004 0.570879 0.016269 0.034926
0 0.639130 0.806425 0.032708 0.056638
0 0.493017 0.398116 0.010553 0.018141
0 0.525584 0.539311 0.015584 0.028161
0 0.473687 0.466246 0.012440 0.023352
0 0.541546 0.625229 0.019322 0.033793
0 0.474636 0.550961 0.016395 0.036184
0 0.427573 0.445742 0.016052 0.030189
0 0.570076 0.611063 0.019941 0.033515
0 0.519392 0.838429 0.027633 0.061994
0 0.479156 0.425673 0.014255 0.026370
0 0.549886 0.467710 0.028336 0.092780
0 0.523739 0.433738 0.011210 0.020367
0 0.534294 0.378483 0.022978 0.063410
0 0.552469 0.345002 0.010422 0.015379
0 0.503139 0.367226 0.010817 0.018167
0 0.448080 0.388542 0.012774 0.027666
0 0.564493 0.329172 0.010021 0.014991
0 0.445109 0.508271 0.029245 0.128358
0 0.427995 0.827429 0.033207 0.088158
0 0.465642 0.391093 0.029371 0.062161
0 0.494726 0.688163 0.026480 0.062170
0 0.515630 0.347981 0.012010 0.019611
0 0.569713 0.352523 0.009244 0.012940
0 0.421669 0.750592 0.029554 0.077203
0 0.733897 0.982101 0.068693 0.035337
0 0.534063 0.288148 0.033642 0.042545
0 0.580906 0.310220 0.011954 0.020525
0 0.671275 0.691336 0.007720 0.018775
0 0.603487 0.263811 0.022521 0.028569
0 0.506787 0.327446 0.017959 0.028857
0 0.557977 0.296549 0.014924 0.029274
0 0.777340 0.971446 0.064162 0.056094
0 0.482704 0.892456 0.041645 0.114178
0 0.485265 0.363583 0.011296 0.019176
0 0.492243 0.851715 0.013404 0.038310
0 0.660137 0.681166 0.007452 0.018320
0 0.456667 0.428637 0.018281 0.030252
0 0.732394 0.816636 0.007754 0.021152
0 0.529323 0.328582 0.009138 0.016060
0 0.596068 0.269712 0.008268 0.014626
0 0.542022 0.298719 0.010604 0.018491
0 0.808916 0.987650 0.047184 0.023941
0 0.491732 0.674192 0.019594 0.034603
0 0.478678 0.862235 0.050542 0.175047
0 0.783873 0.882460 0.046132 0.119132
0 0.538788 0.320557 0.010464 0.014045
0 0.463750 0.402104 0.033290 0.084142
0 0.442388 0.537729 0.024384 0.069748