0 0.413192 0.518085 0.015959 0.033224
0 0.656111 0.817901 0.036121 0.062269
0 0.473960 0.505787 0.016162 0.034840
0 0.551620 0.447878 0.030136 0.098628
0 0.576225 0.601357 0.020909 0.035435
0 0.474748 0.426149 0.011943 0.022878
0 0.523094 0.405533 0.011646 0.021645
0 0.548073 0.617445 0.021321 0.037283
0 0.504432 0.331042 0.010267 0.017831
0 0.430660 0.400330 0.016672 0.029201
0 0.533311 0.349280 0.022590 0.065272
0 0.527878 0.521359 0.016177 0.029698
0 0.480763 0.387142 0.013844 0.026104
0 0.513664 0.775973 0.026028 0.058487
0 0.445398 0.465145 0.031391 0.122977
0 0.493700 0.360815 0.011048 0.017669
0 0.562761 0.297480 0.010659 0.014989
0 0.537870 0.251068 0.032731 0.039952
0 0.566603 0.324801 0.009792 0.014303
0 0.487004 0.327537 0.010544 0.018535
0 0.550420 0.313901 0.010561 0.015423
0 0.517365 0.311138 0.011852 0.020094
0 0.578991 0.278107 0.011960 0.021467
0 0.473400 0.792100 0.047377 0.162373
0 0.465217 0.363652 0.032360 0.081912
0 0.567592 0.256809 0.032493 0.038834
0 0.424756 0.753951 0.032026 0.080883
0 0.492898 0.643846 0.020759 0.040538
0 0.603921 0.228944 0.021441 0.027657
0 0.420524 0.682419 0.029844 0.069980
0 0.778260 0.910920 0.010777 0.028677
0 0.813676 0.960689 0.011203 0.027838
0 0.488568 0.624065 0.018272 0.035879
0 0.539176 0.286127 0.009880 0.014363
0 0.452321 0.347296 0.012575 0.025164
0 0.731999 0.782645 0.007122 0.021471
0 0.485236 0.776372 0.010412 0.024585
0 0.527287 0.261496 0.012378 0.018410
0 0.776686 0.879236 0.032814 0.049491
0 0.423222 0.721034 0.036047 0.147591
0 0.457635 0.389145 0.016886 0.031279
0 0.530355 0.292004 0.008779 0.018245
0 0.558632 0.261249 0.014465 0.029072
0 0.600406 0.274588 0.007559 0.017374