0 0.675320 0.397092 0.132831 0.277931
0 0.412833 0.137395 0.018830 0.046957
0 0.421178 0.306380 0.025418 0.067157
0 0.517024 0.319747 0.070232 0.287417
0 0.865818 0.903011 0.063559 0.119468
0 0.479555 0.349213 0.063177 0.305780
0 0.734933 0.731431 0.051807 0.095621
0 0.475781 0.099312 0.016599 0.036516
0 0.441920 0.491685 0.030896 0.086241
0 0.528726 0.096382 0.018362 0.032463
0 0.553757 0.014969 0.015677 0.025532
0 0.677972 0.944810 0.053966 0.109676
0 0.416704 0.020334 0.019914 0.038554
0 0.632029 0.944475 0.086020 0.109786
0 0.526850 0.019161 0.023200 0.037433
0 0.472999 0.025378 0.017703 0.038941
0 0.445858 0.108522 0.020239 0.040833
0 0.672041 0.212215 0.007078 0.020174
0 0.472725 0.014801 0.014542 0.020725
0 0.772354 0.436400 0.031986 0.050318
0 0.525825 0.028931 0.016340 0.016848
0 0.472123 0.031930 0.015786 0.025551