0 0.547319 0.965240 0.009848 0.015883
0 0.534848 0.993804 0.011892 0.012213
0 0.511645 0.964681 0.011064 0.017761
0 0.558910 0.988530 0.009804 0.017428
0 0.530046 0.904666 0.012489 0.016403
0 0.461430 0.965189 0.037225 0.067154
0 0.597558 0.907706 0.007555 0.013272
0 0.500795 0.952304 0.011714 0.016751
0 0.607464 0.870979 0.010490 0.015938
0 0.492585 0.941999 0.010733 0.012969
0 0.573186 0.995892 0.015954 0.008065
0 0.521360 0.927202 0.011552 0.016966
0 0.584144 0.933688 0.024848 0.047665
0 0.540187 0.922333 0.032206 0.049995
0 0.453358 0.977408 0.020810 0.044432
0 0.563173 0.883976 0.010060 0.014506
0 0.584714 0.890433 0.014071 0.019652
0 0.577905 0.930013 0.037063 0.050987
0 0.572341 0.887865 0.010605 0.017776
0 0.532664 0.929226 0.016049 0.035355
0 0.496730 0.993939 0.010647 0.012025
0 0.585795 0.879682 0.038311 0.038066
0 0.567383 0.927213 0.015760 0.040903