0 0.472094 0.932235 0.015849 0.035973
0 0.479398 0.816218 0.012703 0.022225
0 0.485629 0.768112 0.011809 0.023166
0 0.470214 0.867877 0.015868 0.035748
0 0.546572 0.812611 0.011257 0.021181
0 0.555451 0.884918 0.014986 0.026999
0 0.590515 0.934359 0.077887 0.130098
0 0.521266 0.834457 0.011773 0.023371
0 0.463283 0.767950 0.012457 0.023333
0 0.601488 0.934439 0.055909 0.129648
0 0.574350 0.680052 0.010059 0.013601
0 0.498852 0.739421 0.012417 0.022276
0 0.410626 0.896932 0.017970 0.048098
0 0.523377 0.793852 0.010740 0.020056
0 0.448015 0.831758 0.031101 0.116228
0 0.589308 0.668043 0.010135 0.012373
0 0.563935 0.638668 0.010936 0.011149
0 0.526629 0.696589 0.010810 0.014937
0 0.532915 0.746184 0.010632 0.018570
0 0.581474 0.962287 0.059835 0.074496
0 0.510664 0.718771 0.009692 0.014416
0 0.517333 0.684755 0.010194 0.015374
0 0.495920 0.675600 0.031986 0.042214
0 0.558633 0.730424 0.021324 0.057906
0 0.524867 0.666114 0.010901 0.013009
0 0.429291 0.605486 0.010658 0.013477
0 0.595282 0.631024 0.033937 0.035441
0 0.484280 0.708797 0.017351 0.049306
0 0.493881 0.693995 0.036420 0.079358
0 0.443330 0.870806 0.019473 0.037529
0 0.543972 0.670879 0.015369 0.030399
0 0.546657 0.714246 0.015668 0.030880
0 0.538718 0.666265 0.006273 0.012020
0 0.582270 0.638005 0.008365 0.015393
0 0.505196 0.704430 0.009067 0.012760
0 0.552368 0.704571 0.027098 0.050996