0 0.413509 0.113608 0.022374 0.057913
0 0.512882 0.807309 0.048381 0.137368
0 0.543855 0.061570 0.022727 0.038362
0 0.762816 0.508348 0.189155 0.378568
0 0.503203 0.151178 0.061153 0.254672
0 0.776110 0.523555 0.163025 0.348228
0 0.424818 0.252258 0.024392 0.070980
0 0.624376 0.657614 0.045460 0.110585
0 0.466953 0.166999 0.052528 0.265818
0 0.731892 0.236139 0.008435 0.023692
0 0.620827 0.795342 0.154558 0.408155
0 0.673590 0.107088 0.007767 0.019186
0 0.698972 0.377234 0.061263 0.115505
0 0.663004 0.096323 0.006596 0.017117
0 0.773469 0.346134 0.030109 0.029705
0 0.773128 0.335198 0.031065 0.051118