0 0.900434 0.736191 0.198866 0.463687
0 0.575665 0.560901 0.126597 0.438768
0 0.571430 0.047378 0.027708 0.049344
0 0.465081 0.437193 0.037040 0.103256
0 0.543742 0.863618 0.055676 0.151939
0 0.498075 0.052605 0.043601 0.104539
0 0.629219 0.843442 0.077053 0.223145
0 0.782421 0.213775 0.047444 0.085376
0 0.750949 0.958976 0.063543 0.081112
0 0.733971 0.131097 0.008005 0.025818
0 0.584668 0.401275 0.038580 0.090891
0 0.878998 0.704659 0.241085 0.526513
0 0.833217 0.344321 0.010317 0.029587
0 0.461192 0.059627 0.037181 0.116909
0 0.415161 0.044719 0.020591 0.060830
0 0.733691 0.137096 0.007552 0.017735
0 0.800673 0.523493 0.083732 0.164516
0 0.774977 0.230977 0.031656 0.050682
0 0.675568 0.005029 0.008781 0.010402