0 0.610102 0.926177 0.092417 0.146573
0 0.448546 0.920558 0.033464 0.157624
0 0.470723 0.845543 0.014541 0.032205
0 0.481841 0.742862 0.012234 0.020843
0 0.521532 0.792314 0.012424 0.024457
0 0.530352 0.693867 0.010678 0.017857
0 0.561155 0.855728 0.017209 0.029318
0 0.470899 0.787828 0.014693 0.033171
0 0.406581 0.902268 0.021496 0.052123
0 0.547238 0.773648 0.012302 0.021867
0 0.554733 0.683293 0.020858 0.063045
0 0.548088 0.650922 0.026296 0.051138
0 0.415346 0.802725 0.016438 0.033949
0 0.467925 0.698594 0.011066 0.020170
0 0.489051 0.698709 0.011570 0.021284
0 0.570080 0.624007 0.009132 0.013957
0 0.490412 0.991255 0.019325 0.017035
0 0.501346 0.614289 0.034021 0.048492
0 0.501503 0.673306 0.013071 0.021467
0 0.521317 0.620920 0.010009 0.014493
0 0.584347 0.611343 0.010150 0.013551
0 0.529214 0.632013 0.009873 0.015634
0 0.449598 0.756919 0.033204 0.108914
0 0.522044 0.746731 0.011235 0.021043
0 0.513445 0.652065 0.010305 0.015064
0 0.531549 0.601485 0.009529 0.010516
0 0.571042 0.576020 0.010748 0.011826
0 0.663519 0.989237 0.008346 0.020049
0 0.596714 0.615070 0.006632 0.012383
0 0.444349 0.790676 0.021219 0.040531
0 0.599789 0.952509 0.071884 0.093800
0 0.546788 0.608100 0.014672 0.030838
0 0.451494 0.741193 0.027569 0.077704
0 0.567413 0.605351 0.005805 0.010757
0 0.620612 0.926231 0.072227 0.146865