0 0.478553 0.851167 0.013191 0.022489
0 0.534284 0.771178 0.010692 0.017267
0 0.473033 0.974338 0.016402 0.036302
0 0.521415 0.854120 0.011603 0.022520
0 0.546821 0.830643 0.010947 0.019454
0 0.484144 0.801403 0.011870 0.022479
0 0.470392 0.905780 0.016079 0.037504
0 0.576620 0.705159 0.010023 0.013759
0 0.594106 0.939076 0.049896 0.120741
0 0.408827 0.945752 0.018529 0.052381
0 0.554004 0.899555 0.014912 0.026117
0 0.591703 0.694152 0.009757 0.012336
0 0.496767 0.769776 0.012635 0.022545
0 0.461663 0.799512 0.012456 0.024909
0 0.524461 0.815314 0.010891 0.019322
0 0.447468 0.866553 0.031700 0.118647
0 0.509094 0.748854 0.010098 0.015152
0 0.561293 0.751727 0.022663 0.056434
0 0.525388 0.725642 0.010926 0.015548
0 0.575350 0.966423 0.051773 0.066291
0 0.521786 0.696789 0.009841 0.012282
0 0.550531 0.694877 0.031784 0.040309
0 0.491260 0.723344 0.035364 0.077431
0 0.560395 0.667491 0.011477 0.010682
0 0.580944 0.665627 0.008124 0.015547
0 0.491366 0.711100 0.034702 0.052461
0 0.584198 0.938896 0.069834 0.121034
0 0.536465 0.695745 0.006562 0.012702
0 0.483150 0.747696 0.018054 0.034770
0 0.515505 0.714793 0.010486 0.015467
0 0.565204 0.714344 0.005798 0.018369
0 0.553193 0.728654 0.025074 0.051511
0 0.442809 0.905991 0.019988 0.038957
0 0.515373 0.714847 0.010665 0.015480