0 0.533785 0.972969 0.010656 0.017733
0 0.545257 0.940379 0.009729 0.015659
0 0.556415 0.967965 0.010365 0.015532
0 0.498512 0.963546 0.009630 0.016325
0 0.486177 0.988925 0.012908 0.020765
0 0.593800 0.882625 0.008689 0.013064
0 0.502896 0.921552 0.011365 0.017307
0 0.513338 0.934572 0.011232 0.015844
0 0.465196 0.933391 0.035855 0.066592
0 0.496383 0.909365 0.010761 0.013377
0 0.523592 0.897414 0.010215 0.015907
0 0.533681 0.874892 0.012794 0.015846
0 0.566163 0.854456 0.008757 0.014086
0 0.580851 0.910056 0.024623 0.047730
0 0.533979 0.899735 0.016336 0.034943
0 0.568782 0.900432 0.024756 0.044393
0 0.608601 0.844577 0.008679 0.012543
0 0.527174 0.994981 0.011583 0.009229
0 0.572709 0.860123 0.009168 0.016357
0 0.464235 0.981629 0.014398 0.019107
0 0.466419 0.971443 0.018972 0.039068